##############################################
Prim Heuristic Solution:
(180901,14,12,0.0)
(180901,57,9,0.0)
(180901,82,4,0.0)
(180901,67,2,0.0)
(180901,90,28,0.0)
(180901,59,1,0.0)
(180901,47,2,0.0)
Zero Solution:
(180901,58,18,0.0)
(180901,82,4,0.0)
(180901,47,2,0.0)
(180901,57,9,0.0)
(180901,59,1,0.0)
(180901,67,2,0.0)
(180901,90,28,0.0)
(180901,14,12,0.0)

Zero Solution:
(180901,58,18,0.0)
(180901,82,4,0.0)
(180901,57,9,0.0)
(180901,47,2,0.0)
(180901,59,1,0.0)
(180901,67,2,0.0)
(180901,90,28,0.0)
(180901,14,12,0.0)

Zero Solution:
(180901,58,18,0.0)
(180901,82,4,0.0)
(180901,57,9,0.0)
(180901,59,1,0.0)
(180901,47,2,0.0)
(180901,67,2,0.0)
(180901,90,28,0.0)
(180901,14,12,0.0)

Zero Solution:
(180901,58,18,0.0)
(180901,82,4,0.0)
(180901,57,9,0.0)
(180901,59,1,0.0)
(180901,67,2,0.0)
(180901,90,28,0.0)
(180901,47,2,0.0)
(180901,14,12,0.0)

Zero Solution:
(180901,58,18,0.0)
(180901,57,9,0.0)
(180901,47,2,0.0)
(180901,82,4,0.0)
(180901,59,1,0.0)
(180901,67,2,0.0)
(180901,90,28,0.0)
(180901,14,12,0.0)

Zero Solution:
(180901,58,18,0.0)
(180901,57,9,0.0)
(180901,82,4,0.0)
(180901,47,2,0.0)
(180901,59,1,0.0)
(180901,67,2,0.0)
(180901,90,28,0.0)
(180901,14,12,0.0)

Zero Solution:
(180901,58,18,0.0)
(180901,57,9,0.0)
(180901,82,4,0.0)
(180901,59,1,0.0)
(180901,47,2,0.0)
(180901,67,2,0.0)
(180901,90,28,0.0)
(180901,14,12,0.0)

Zero Solution:
(180901,58,18,0.0)
(180901,57,9,0.0)
(180901,82,4,0.0)
(180901,59,1,0.0)
(180901,67,2,0.0)
(180901,90,28,0.0)
(180901,47,2,0.0)
(180901,14,12,0.0)

Zero Solution:
(180901,47,2,0.0)
(180901,90,28,0.0)
(180901,67,2,0.0)
(180901,59,1,0.0)
(180901,82,4,0.0)
(180901,58,18,0.0)
(180901,57,9,0.0)
(180901,14,12,0.0)

Zero Solution:
(180901,47,2,0.0)
(180901,90,28,0.0)
(180901,67,2,0.0)
(180901,59,1,0.0)
(180901,82,4,0.0)
(180901,57,9,0.0)
(180901,58,18,0.0)
(180901,14,12,0.0)

Zero Solution:
(180901,47,2,0.0)
(180901,90,28,0.0)
(180901,67,2,0.0)
(180901,59,1,0.0)
(180901,57,9,0.0)
(180901,82,4,0.0)
(180901,58,18,0.0)
(180901,14,12,0.0)

Zero Solution:
(180901,14,12,0.0)
(180901,58,18,0.0)
(180901,82,4,0.0)
(180901,47,2,0.0)
(180901,57,9,0.0)
(180901,59,1,0.0)
(180901,67,2,0.0)
(180901,90,28,0.0)

Zero Solution:
(180901,14,12,0.0)
(180901,58,18,0.0)
(180901,82,4,0.0)
(180901,57,9,0.0)
(180901,47,2,0.0)
(180901,59,1,0.0)
(180901,67,2,0.0)
(180901,90,28,0.0)

Zero Solution:
(180901,14,12,0.0)
(180901,58,18,0.0)
(180901,82,4,0.0)
(180901,57,9,0.0)
(180901,59,1,0.0)
(180901,47,2,0.0)
(180901,67,2,0.0)
(180901,90,28,0.0)

Zero Solution:
(180901,14,12,0.0)
(180901,58,18,0.0)
(180901,82,4,0.0)
(180901,57,9,0.0)
(180901,59,1,0.0)
(180901,67,2,0.0)
(180901,90,28,0.0)
(180901,47,2,0.0)

Zero Solution:
(180901,14,12,0.0)
(180901,58,18,0.0)
(180901,57,9,0.0)
(180901,47,2,0.0)
(180901,82,4,0.0)
(180901,59,1,0.0)
(180901,67,2,0.0)
(180901,90,28,0.0)

Zero Solution:
(180901,14,12,0.0)
(180901,58,18,0.0)
(180901,57,9,0.0)
(180901,82,4,0.0)
(180901,47,2,0.0)
(180901,59,1,0.0)
(180901,67,2,0.0)
(180901,90,28,0.0)

Zero Solution:
(180901,14,12,0.0)
(180901,58,18,0.0)
(180901,57,9,0.0)
(180901,82,4,0.0)
(180901,59,1,0.0)
(180901,47,2,0.0)
(180901,67,2,0.0)
(180901,90,28,0.0)

Zero Solution:
(180901,14,12,0.0)
(180901,58,18,0.0)
(180901,57,9,0.0)
(180901,82,4,0.0)
(180901,59,1,0.0)
(180901,67,2,0.0)
(180901,90,28,0.0)
(180901,47,2,0.0)

Zero Solution:
(180901,14,12,0.0)
(180901,47,2,0.0)
(180901,90,28,0.0)
(180901,67,2,0.0)
(180901,59,1,0.0)
(180901,82,4,0.0)
(180901,58,18,0.0)
(180901,57,9,0.0)

Zero Solution:
(180901,14,12,0.0)
(180901,47,2,0.0)
(180901,90,28,0.0)
(180901,67,2,0.0)
(180901,59,1,0.0)
(180901,82,4,0.0)
(180901,57,9,0.0)
(180901,58,18,0.0)

Zero Solution:
(180901,14,12,0.0)
(180901,47,2,0.0)
(180901,90,28,0.0)
(180901,67,2,0.0)
(180901,59,1,0.0)
(180901,57,9,0.0)
(180901,82,4,0.0)
(180901,58,18,0.0)

Zero Solution:
(180901,14,12,0.0)
(180901,57,9,0.0)
(180901,58,18,0.0)
(180901,47,2,0.0)
(180901,82,4,0.0)
(180901,59,1,0.0)
(180901,67,2,0.0)
(180901,90,28,0.0)

Zero Solution:
(180901,14,12,0.0)
(180901,57,9,0.0)
(180901,58,18,0.0)
(180901,82,4,0.0)
(180901,47,2,0.0)
(180901,59,1,0.0)
(180901,67,2,0.0)
(180901,90,28,0.0)

Zero Solution:
(180901,14,12,0.0)
(180901,57,9,0.0)
(180901,58,18,0.0)
(180901,82,4,0.0)
(180901,59,1,0.0)
(180901,47,2,0.0)
(180901,67,2,0.0)
(180901,90,28,0.0)

Zero Solution:
(180901,14,12,0.0)
(180901,57,9,0.0)
(180901,58,18,0.0)
(180901,82,4,0.0)
(180901,59,1,0.0)
(180901,67,2,0.0)
(180901,90,28,0.0)
(180901,47,2,0.0)

Zero Solution:
(180901,14,12,0.0)
(180901,90,28,0.0)
(180901,67,2,0.0)
(180901,47,2,0.0)
(180901,59,1,0.0)
(180901,82,4,0.0)
(180901,58,18,0.0)
(180901,57,9,0.0)

Zero Solution:
(180901,14,12,0.0)
(180901,90,28,0.0)
(180901,67,2,0.0)
(180901,47,2,0.0)
(180901,59,1,0.0)
(180901,82,4,0.0)
(180901,57,9,0.0)
(180901,58,18,0.0)

Zero Solution:
(180901,14,12,0.0)
(180901,90,28,0.0)
(180901,67,2,0.0)
(180901,47,2,0.0)
(180901,59,1,0.0)
(180901,57,9,0.0)
(180901,82,4,0.0)
(180901,58,18,0.0)

Zero Solution:
(180901,14,12,0.0)
(180901,90,28,0.0)
(180901,67,2,0.0)
(180901,59,1,0.0)
(180901,47,2,0.0)
(180901,82,4,0.0)
(180901,58,18,0.0)
(180901,57,9,0.0)

Zero Solution:
(180901,14,12,0.0)
(180901,90,28,0.0)
(180901,67,2,0.0)
(180901,59,1,0.0)
(180901,47,2,0.0)
(180901,82,4,0.0)
(180901,57,9,0.0)
(180901,58,18,0.0)

Zero Solution:
(180901,14,12,0.0)
(180901,90,28,0.0)
(180901,67,2,0.0)
(180901,59,1,0.0)
(180901,47,2,0.0)
(180901,57,9,0.0)
(180901,82,4,0.0)
(180901,58,18,0.0)

Zero Solution:
(180901,14,12,0.0)
(180901,90,28,0.0)
(180901,67,2,0.0)
(180901,59,1,0.0)
(180901,82,4,0.0)
(180901,47,2,0.0)
(180901,58,18,0.0)
(180901,57,9,0.0)

Zero Solution:
(180901,14,12,0.0)
(180901,90,28,0.0)
(180901,67,2,0.0)
(180901,59,1,0.0)
(180901,82,4,0.0)
(180901,47,2,0.0)
(180901,57,9,0.0)
(180901,58,18,0.0)

Zero Solution:
(180901,14,12,0.0)
(180901,90,28,0.0)
(180901,67,2,0.0)
(180901,59,1,0.0)
(180901,57,9,0.0)
(180901,47,2,0.0)
(180901,82,4,0.0)
(180901,58,18,0.0)

Zero Solution:
(180901,57,9,0.0)
(180901,58,18,0.0)
(180901,47,2,0.0)
(180901,82,4,0.0)
(180901,59,1,0.0)
(180901,67,2,0.0)
(180901,90,28,0.0)
(180901,14,12,0.0)

Zero Solution:
(180901,57,9,0.0)
(180901,58,18,0.0)
(180901,82,4,0.0)
(180901,47,2,0.0)
(180901,59,1,0.0)
(180901,67,2,0.0)
(180901,90,28,0.0)
(180901,14,12,0.0)

Zero Solution:
(180901,57,9,0.0)
(180901,58,18,0.0)
(180901,82,4,0.0)
(180901,59,1,0.0)
(180901,47,2,0.0)
(180901,67,2,0.0)
(180901,90,28,0.0)
(180901,14,12,0.0)

Zero Solution:
(180901,57,9,0.0)
(180901,58,18,0.0)
(180901,82,4,0.0)
(180901,59,1,0.0)
(180901,67,2,0.0)
(180901,90,28,0.0)
(180901,47,2,0.0)
(180901,14,12,0.0)

Zero Solution:
(180901,90,28,0.0)
(180901,67,2,0.0)
(180901,47,2,0.0)
(180901,59,1,0.0)
(180901,82,4,0.0)
(180901,58,18,0.0)
(180901,57,9,0.0)
(180901,14,12,0.0)

Zero Solution:
(180901,90,28,0.0)
(180901,67,2,0.0)
(180901,47,2,0.0)
(180901,59,1,0.0)
(180901,82,4,0.0)
(180901,57,9,0.0)
(180901,58,18,0.0)
(180901,14,12,0.0)

Zero Solution:
(180901,90,28,0.0)
(180901,67,2,0.0)
(180901,47,2,0.0)
(180901,59,1,0.0)
(180901,57,9,0.0)
(180901,82,4,0.0)
(180901,58,18,0.0)
(180901,14,12,0.0)

Zero Solution:
(180901,90,28,0.0)
(180901,67,2,0.0)
(180901,59,1,0.0)
(180901,47,2,0.0)
(180901,82,4,0.0)
(180901,58,18,0.0)
(180901,57,9,0.0)
(180901,14,12,0.0)

Zero Solution:
(180901,90,28,0.0)
(180901,67,2,0.0)
(180901,59,1,0.0)
(180901,47,2,0.0)
(180901,82,4,0.0)
(180901,57,9,0.0)
(180901,58,18,0.0)
(180901,14,12,0.0)

Zero Solution:
(180901,90,28,0.0)
(180901,67,2,0.0)
(180901,59,1,0.0)
(180901,47,2,0.0)
(180901,57,9,0.0)
(180901,82,4,0.0)
(180901,58,18,0.0)
(180901,14,12,0.0)

Zero Solution:
(180901,90,28,0.0)
(180901,67,2,0.0)
(180901,59,1,0.0)
(180901,82,4,0.0)
(180901,47,2,0.0)
(180901,58,18,0.0)
(180901,57,9,0.0)
(180901,14,12,0.0)

Zero Solution:
(180901,90,28,0.0)
(180901,67,2,0.0)
(180901,59,1,0.0)
(180901,82,4,0.0)
(180901,47,2,0.0)
(180901,57,9,0.0)
(180901,58,18,0.0)
(180901,14,12,0.0)

Zero Solution:
(180901,90,28,0.0)
(180901,67,2,0.0)
(180901,59,1,0.0)
(180901,57,9,0.0)
(180901,47,2,0.0)
(180901,82,4,0.0)
(180901,58,18,0.0)
(180901,14,12,0.0)

##############################################
Prim Heuristic Solution:
(341531,90,29,0.0)
(341531,60,19,0.0)
(341531,53,14,0.0)
(341531,98,12,0.0)
(341531,85,29,0.0)
(341531,57,17,0.0)
(341531,80,8,0.0)
Zero Solution:
(341531,85,29,0.0)
(341531,98,12,0.0)
(341531,57,17,0.0)
(341531,53,14,0.0)
(341531,90,29,0.0)
(341531,80,8,0.0)
(341531,70,14,0.0)
(341531,60,19,0.0)

Zero Solution:
(341531,80,8,0.0)
(341531,85,29,0.0)
(341531,98,12,0.0)
(341531,57,17,0.0)
(341531,53,14,0.0)
(341531,90,29,0.0)
(341531,70,14,0.0)
(341531,60,19,0.0)

Zero Solution:
(341531,80,8,0.0)
(341531,90,29,0.0)
(341531,53,14,0.0)
(341531,57,17,0.0)
(341531,98,12,0.0)
(341531,85,29,0.0)
(341531,70,14,0.0)
(341531,60,19,0.0)

Zero Solution:
(341531,60,19,0.0)
(341531,85,29,0.0)
(341531,98,12,0.0)
(341531,57,17,0.0)
(341531,53,14,0.0)
(341531,90,29,0.0)
(341531,80,8,0.0)
(341531,70,14,0.0)

Zero Solution:
(341531,60,19,0.0)
(341531,80,8,0.0)
(341531,85,29,0.0)
(341531,98,12,0.0)
(341531,57,17,0.0)
(341531,53,14,0.0)
(341531,90,29,0.0)
(341531,70,14,0.0)

Zero Solution:
(341531,60,19,0.0)
(341531,80,8,0.0)
(341531,90,29,0.0)
(341531,53,14,0.0)
(341531,57,17,0.0)
(341531,98,12,0.0)
(341531,85,29,0.0)
(341531,70,14,0.0)

Zero Solution:
(341531,60,19,0.0)
(341531,70,14,0.0)
(341531,85,29,0.0)
(341531,98,12,0.0)
(341531,57,17,0.0)
(341531,53,14,0.0)
(341531,90,29,0.0)
(341531,80,8,0.0)

Zero Solution:
(341531,60,19,0.0)
(341531,70,14,0.0)
(341531,80,8,0.0)
(341531,90,29,0.0)
(341531,53,14,0.0)
(341531,57,17,0.0)
(341531,98,12,0.0)
(341531,85,29,0.0)

Zero Solution:
(341531,60,19,0.0)
(341531,70,14,0.0)
(341531,90,29,0.0)
(341531,53,14,0.0)
(341531,57,17,0.0)
(341531,98,12,0.0)
(341531,85,29,0.0)
(341531,80,8,0.0)

Zero Solution:
(341531,70,14,0.0)
(341531,85,29,0.0)
(341531,98,12,0.0)
(341531,57,17,0.0)
(341531,53,14,0.0)
(341531,90,29,0.0)
(341531,80,8,0.0)
(341531,60,19,0.0)

Zero Solution:
(341531,70,14,0.0)
(341531,80,8,0.0)
(341531,90,29,0.0)
(341531,53,14,0.0)
(341531,57,17,0.0)
(341531,98,12,0.0)
(341531,85,29,0.0)
(341531,60,19,0.0)

Zero Solution:
(341531,70,14,0.0)
(341531,90,29,0.0)
(341531,53,14,0.0)
(341531,57,17,0.0)
(341531,98,12,0.0)
(341531,85,29,0.0)
(341531,80,8,0.0)
(341531,60,19,0.0)

##############################################
Prim Heuristic Solution:
(206143,15,19,0.0)
(206143,26,18,0.0)
(206143,51,23,0.0)
(206143,94,20,0.0)
(206143,39,6,0.0)
(206143,43,23,0.0)
(206143,54,29,0.0)
Zero Solution:
(206143,54,29,0.0)
(206143,43,23,0.0)
(206143,66,7,0.0)
(206143,94,20,0.0)
(206143,51,23,0.0)
(206143,39,6,0.0)
(206143,15,19,0.0)
(206143,26,18,0.0)

Zero Solution:
(206143,54,29,0.0)
(206143,43,23,0.0)
(206143,66,7,0.0)
(206143,94,20,0.0)
(206143,51,23,0.0)
(206143,39,6,0.0)
(206143,26,18,0.0)
(206143,15,19,0.0)

Zero Solution:
(206143,54,29,0.0)
(206143,66,7,0.0)
(206143,43,23,0.0)
(206143,94,20,0.0)
(206143,51,23,0.0)
(206143,39,6,0.0)
(206143,15,19,0.0)
(206143,26,18,0.0)

Zero Solution:
(206143,54,29,0.0)
(206143,66,7,0.0)
(206143,43,23,0.0)
(206143,94,20,0.0)
(206143,51,23,0.0)
(206143,39,6,0.0)
(206143,26,18,0.0)
(206143,15,19,0.0)

Zero Solution:
(206143,15,19,0.0)
(206143,54,29,0.0)
(206143,43,23,0.0)
(206143,66,7,0.0)
(206143,94,20,0.0)
(206143,51,23,0.0)
(206143,39,6,0.0)
(206143,26,18,0.0)

Zero Solution:
(206143,15,19,0.0)
(206143,54,29,0.0)
(206143,66,7,0.0)
(206143,43,23,0.0)
(206143,94,20,0.0)
(206143,51,23,0.0)
(206143,39,6,0.0)
(206143,26,18,0.0)

Zero Solution:
(206143,15,19,0.0)
(206143,26,18,0.0)
(206143,54,29,0.0)
(206143,43,23,0.0)
(206143,66,7,0.0)
(206143,94,20,0.0)
(206143,51,23,0.0)
(206143,39,6,0.0)

Zero Solution:
(206143,15,19,0.0)
(206143,26,18,0.0)
(206143,54,29,0.0)
(206143,66,7,0.0)
(206143,43,23,0.0)
(206143,94,20,0.0)
(206143,51,23,0.0)
(206143,39,6,0.0)

Zero Solution:
(206143,15,19,0.0)
(206143,26,18,0.0)
(206143,39,6,0.0)
(206143,51,23,0.0)
(206143,94,20,0.0)
(206143,43,23,0.0)
(206143,66,7,0.0)
(206143,54,29,0.0)

Zero Solution:
(206143,15,19,0.0)
(206143,26,18,0.0)
(206143,39,6,0.0)
(206143,51,23,0.0)
(206143,94,20,0.0)
(206143,66,7,0.0)
(206143,43,23,0.0)
(206143,54,29,0.0)

Zero Solution:
(206143,15,19,0.0)
(206143,39,6,0.0)
(206143,51,23,0.0)
(206143,94,20,0.0)
(206143,43,23,0.0)
(206143,66,7,0.0)
(206143,54,29,0.0)
(206143,26,18,0.0)

Zero Solution:
(206143,15,19,0.0)
(206143,39,6,0.0)
(206143,51,23,0.0)
(206143,94,20,0.0)
(206143,66,7,0.0)
(206143,43,23,0.0)
(206143,54,29,0.0)
(206143,26,18,0.0)

Zero Solution:
(206143,26,18,0.0)
(206143,54,29,0.0)
(206143,43,23,0.0)
(206143,66,7,0.0)
(206143,94,20,0.0)
(206143,51,23,0.0)
(206143,39,6,0.0)
(206143,15,19,0.0)

Zero Solution:
(206143,26,18,0.0)
(206143,54,29,0.0)
(206143,66,7,0.0)
(206143,43,23,0.0)
(206143,94,20,0.0)
(206143,51,23,0.0)
(206143,39,6,0.0)
(206143,15,19,0.0)

Zero Solution:
(206143,26,18,0.0)
(206143,15,19,0.0)
(206143,54,29,0.0)
(206143,43,23,0.0)
(206143,66,7,0.0)
(206143,94,20,0.0)
(206143,51,23,0.0)
(206143,39,6,0.0)

Zero Solution:
(206143,26,18,0.0)
(206143,15,19,0.0)
(206143,54,29,0.0)
(206143,66,7,0.0)
(206143,43,23,0.0)
(206143,94,20,0.0)
(206143,51,23,0.0)
(206143,39,6,0.0)

Zero Solution:
(206143,26,18,0.0)
(206143,15,19,0.0)
(206143,39,6,0.0)
(206143,51,23,0.0)
(206143,94,20,0.0)
(206143,43,23,0.0)
(206143,66,7,0.0)
(206143,54,29,0.0)

Zero Solution:
(206143,26,18,0.0)
(206143,15,19,0.0)
(206143,39,6,0.0)
(206143,51,23,0.0)
(206143,94,20,0.0)
(206143,66,7,0.0)
(206143,43,23,0.0)
(206143,54,29,0.0)

Zero Solution:
(206143,26,18,0.0)
(206143,39,6,0.0)
(206143,51,23,0.0)
(206143,94,20,0.0)
(206143,43,23,0.0)
(206143,66,7,0.0)
(206143,54,29,0.0)
(206143,15,19,0.0)

Zero Solution:
(206143,26,18,0.0)
(206143,39,6,0.0)
(206143,51,23,0.0)
(206143,94,20,0.0)
(206143,66,7,0.0)
(206143,43,23,0.0)
(206143,54,29,0.0)
(206143,15,19,0.0)

Zero Solution:
(206143,39,6,0.0)
(206143,51,23,0.0)
(206143,94,20,0.0)
(206143,43,23,0.0)
(206143,66,7,0.0)
(206143,54,29,0.0)
(206143,15,19,0.0)
(206143,26,18,0.0)

Zero Solution:
(206143,39,6,0.0)
(206143,51,23,0.0)
(206143,94,20,0.0)
(206143,43,23,0.0)
(206143,66,7,0.0)
(206143,54,29,0.0)
(206143,26,18,0.0)
(206143,15,19,0.0)

Zero Solution:
(206143,39,6,0.0)
(206143,51,23,0.0)
(206143,94,20,0.0)
(206143,66,7,0.0)
(206143,43,23,0.0)
(206143,54,29,0.0)
(206143,15,19,0.0)
(206143,26,18,0.0)

Zero Solution:
(206143,39,6,0.0)
(206143,51,23,0.0)
(206143,94,20,0.0)
(206143,66,7,0.0)
(206143,43,23,0.0)
(206143,54,29,0.0)
(206143,26,18,0.0)
(206143,15,19,0.0)

##############################################
Prim Heuristic Solution:
(185137,33,14,0.0)
(185137,56,30,0.0)
(185137,57,28,0.0)
(185137,84,30,0.0)
(185137,60,5,0.0)
(185137,46,2,0.0)
(185137,25,30,0.0)
Zero Solution:
(185137,54,18,0.0)
(185137,56,30,0.0)
(185137,57,28,0.0)
(185137,46,2,0.0)
(185137,33,14,0.0)
(185137,25,30,0.0)
(185137,84,30,0.0)
(185137,60,5,0.0)

Zero Solution:
(185137,54,18,0.0)
(185137,56,30,0.0)
(185137,57,28,0.0)
(185137,46,2,0.0)
(185137,33,14,0.0)
(185137,25,30,0.0)
(185137,60,5,0.0)
(185137,84,30,0.0)

Zero Solution:
(185137,54,18,0.0)
(185137,56,30,0.0)
(185137,57,28,0.0)
(185137,46,2,0.0)
(185137,33,14,0.0)
(185137,60,5,0.0)
(185137,25,30,0.0)
(185137,84,30,0.0)

Zero Solution:
(185137,54,18,0.0)
(185137,56,30,0.0)
(185137,57,28,0.0)
(185137,46,2,0.0)
(185137,60,5,0.0)
(185137,33,14,0.0)
(185137,25,30,0.0)
(185137,84,30,0.0)

Zero Solution:
(185137,54,18,0.0)
(185137,56,30,0.0)
(185137,57,28,0.0)
(185137,33,14,0.0)
(185137,46,2,0.0)
(185137,25,30,0.0)
(185137,84,30,0.0)
(185137,60,5,0.0)

Zero Solution:
(185137,54,18,0.0)
(185137,56,30,0.0)
(185137,57,28,0.0)
(185137,33,14,0.0)
(185137,46,2,0.0)
(185137,25,30,0.0)
(185137,60,5,0.0)
(185137,84,30,0.0)

Zero Solution:
(185137,54,18,0.0)
(185137,56,30,0.0)
(185137,57,28,0.0)
(185137,33,14,0.0)
(185137,46,2,0.0)
(185137,60,5,0.0)
(185137,25,30,0.0)
(185137,84,30,0.0)

Zero Solution:
(185137,54,18,0.0)
(185137,56,30,0.0)
(185137,57,28,0.0)
(185137,33,14,0.0)
(185137,60,5,0.0)
(185137,46,2,0.0)
(185137,25,30,0.0)
(185137,84,30,0.0)

Zero Solution:
(185137,54,18,0.0)
(185137,56,30,0.0)
(185137,57,28,0.0)
(185137,60,5,0.0)
(185137,46,2,0.0)
(185137,33,14,0.0)
(185137,25,30,0.0)
(185137,84,30,0.0)

Zero Solution:
(185137,54,18,0.0)
(185137,56,30,0.0)
(185137,57,28,0.0)
(185137,60,5,0.0)
(185137,33,14,0.0)
(185137,46,2,0.0)
(185137,25,30,0.0)
(185137,84,30,0.0)

Zero Solution:
(185137,54,18,0.0)
(185137,25,30,0.0)
(185137,84,30,0.0)
(185137,46,2,0.0)
(185137,56,30,0.0)
(185137,57,28,0.0)
(185137,33,14,0.0)
(185137,60,5,0.0)

Zero Solution:
(185137,54,18,0.0)
(185137,25,30,0.0)
(185137,84,30,0.0)
(185137,46,2,0.0)
(185137,56,30,0.0)
(185137,57,28,0.0)
(185137,60,5,0.0)
(185137,33,14,0.0)

Zero Solution:
(185137,54,18,0.0)
(185137,25,30,0.0)
(185137,84,30,0.0)
(185137,46,2,0.0)
(185137,60,5,0.0)
(185137,56,30,0.0)
(185137,57,28,0.0)
(185137,33,14,0.0)

Zero Solution:
(185137,54,18,0.0)
(185137,25,30,0.0)
(185137,84,30,0.0)
(185137,56,30,0.0)
(185137,57,28,0.0)
(185137,46,2,0.0)
(185137,33,14,0.0)
(185137,60,5,0.0)

Zero Solution:
(185137,54,18,0.0)
(185137,25,30,0.0)
(185137,84,30,0.0)
(185137,56,30,0.0)
(185137,57,28,0.0)
(185137,46,2,0.0)
(185137,60,5,0.0)
(185137,33,14,0.0)

Zero Solution:
(185137,54,18,0.0)
(185137,25,30,0.0)
(185137,84,30,0.0)
(185137,56,30,0.0)
(185137,57,28,0.0)
(185137,60,5,0.0)
(185137,46,2,0.0)
(185137,33,14,0.0)

Zero Solution:
(185137,54,18,0.0)
(185137,25,30,0.0)
(185137,84,30,0.0)
(185137,60,5,0.0)
(185137,46,2,0.0)
(185137,56,30,0.0)
(185137,57,28,0.0)
(185137,33,14,0.0)

Zero Solution:
(185137,54,18,0.0)
(185137,25,30,0.0)
(185137,84,30,0.0)
(185137,60,5,0.0)
(185137,56,30,0.0)
(185137,57,28,0.0)
(185137,46,2,0.0)
(185137,33,14,0.0)

Zero Solution:
(185137,54,18,0.0)
(185137,25,30,0.0)
(185137,60,5,0.0)
(185137,84,30,0.0)
(185137,46,2,0.0)
(185137,56,30,0.0)
(185137,57,28,0.0)
(185137,33,14,0.0)

Zero Solution:
(185137,54,18,0.0)
(185137,25,30,0.0)
(185137,60,5,0.0)
(185137,84,30,0.0)
(185137,56,30,0.0)
(185137,57,28,0.0)
(185137,46,2,0.0)
(185137,33,14,0.0)

Zero Solution:
(185137,54,18,0.0)
(185137,33,14,0.0)
(185137,56,30,0.0)
(185137,57,28,0.0)
(185137,46,2,0.0)
(185137,25,30,0.0)
(185137,84,30,0.0)
(185137,60,5,0.0)

Zero Solution:
(185137,54,18,0.0)
(185137,33,14,0.0)
(185137,56,30,0.0)
(185137,57,28,0.0)
(185137,46,2,0.0)
(185137,25,30,0.0)
(185137,60,5,0.0)
(185137,84,30,0.0)

Zero Solution:
(185137,54,18,0.0)
(185137,33,14,0.0)
(185137,56,30,0.0)
(185137,57,28,0.0)
(185137,46,2,0.0)
(185137,60,5,0.0)
(185137,25,30,0.0)
(185137,84,30,0.0)

Zero Solution:
(185137,54,18,0.0)
(185137,33,14,0.0)
(185137,56,30,0.0)
(185137,57,28,0.0)
(185137,25,30,0.0)
(185137,46,2,0.0)
(185137,84,30,0.0)
(185137,60,5,0.0)

Zero Solution:
(185137,54,18,0.0)
(185137,33,14,0.0)
(185137,56,30,0.0)
(185137,57,28,0.0)
(185137,25,30,0.0)
(185137,46,2,0.0)
(185137,60,5,0.0)
(185137,84,30,0.0)

Zero Solution:
(185137,54,18,0.0)
(185137,33,14,0.0)
(185137,56,30,0.0)
(185137,57,28,0.0)
(185137,25,30,0.0)
(185137,60,5,0.0)
(185137,46,2,0.0)
(185137,84,30,0.0)

Zero Solution:
(185137,54,18,0.0)
(185137,33,14,0.0)
(185137,56,30,0.0)
(185137,57,28,0.0)
(185137,60,5,0.0)
(185137,46,2,0.0)
(185137,25,30,0.0)
(185137,84,30,0.0)

Zero Solution:
(185137,54,18,0.0)
(185137,33,14,0.0)
(185137,56,30,0.0)
(185137,57,28,0.0)
(185137,60,5,0.0)
(185137,25,30,0.0)
(185137,46,2,0.0)
(185137,84,30,0.0)

Zero Solution:
(185137,54,18,0.0)
(185137,33,14,0.0)
(185137,60,5,0.0)
(185137,56,30,0.0)
(185137,57,28,0.0)
(185137,46,2,0.0)
(185137,25,30,0.0)
(185137,84,30,0.0)

Zero Solution:
(185137,54,18,0.0)
(185137,33,14,0.0)
(185137,60,5,0.0)
(185137,56,30,0.0)
(185137,57,28,0.0)
(185137,25,30,0.0)
(185137,46,2,0.0)
(185137,84,30,0.0)

Zero Solution:
(185137,54,18,0.0)
(185137,60,5,0.0)
(185137,56,30,0.0)
(185137,57,28,0.0)
(185137,46,2,0.0)
(185137,33,14,0.0)
(185137,25,30,0.0)
(185137,84,30,0.0)

Zero Solution:
(185137,54,18,0.0)
(185137,60,5,0.0)
(185137,56,30,0.0)
(185137,57,28,0.0)
(185137,33,14,0.0)
(185137,46,2,0.0)
(185137,25,30,0.0)
(185137,84,30,0.0)

Zero Solution:
(185137,54,18,0.0)
(185137,60,5,0.0)
(185137,25,30,0.0)
(185137,84,30,0.0)
(185137,46,2,0.0)
(185137,56,30,0.0)
(185137,57,28,0.0)
(185137,33,14,0.0)

Zero Solution:
(185137,54,18,0.0)
(185137,60,5,0.0)
(185137,25,30,0.0)
(185137,84,30,0.0)
(185137,56,30,0.0)
(185137,57,28,0.0)
(185137,46,2,0.0)
(185137,33,14,0.0)

Zero Solution:
(185137,54,18,0.0)
(185137,60,5,0.0)
(185137,33,14,0.0)
(185137,56,30,0.0)
(185137,57,28,0.0)
(185137,46,2,0.0)
(185137,25,30,0.0)
(185137,84,30,0.0)

Zero Solution:
(185137,54,18,0.0)
(185137,60,5,0.0)
(185137,33,14,0.0)
(185137,56,30,0.0)
(185137,57,28,0.0)
(185137,25,30,0.0)
(185137,46,2,0.0)
(185137,84,30,0.0)

Zero Solution:
(185137,84,30,0.0)
(185137,46,2,0.0)
(185137,25,30,0.0)
(185137,57,28,0.0)
(185137,56,30,0.0)
(185137,33,14,0.0)
(185137,54,18,0.0)
(185137,60,5,0.0)

Zero Solution:
(185137,84,30,0.0)
(185137,46,2,0.0)
(185137,25,30,0.0)
(185137,57,28,0.0)
(185137,56,30,0.0)
(185137,33,14,0.0)
(185137,60,5,0.0)
(185137,54,18,0.0)

Zero Solution:
(185137,84,30,0.0)
(185137,46,2,0.0)
(185137,25,30,0.0)
(185137,57,28,0.0)
(185137,56,30,0.0)
(185137,60,5,0.0)
(185137,33,14,0.0)
(185137,54,18,0.0)

Zero Solution:
(185137,84,30,0.0)
(185137,46,2,0.0)
(185137,25,30,0.0)
(185137,60,5,0.0)
(185137,57,28,0.0)
(185137,56,30,0.0)
(185137,33,14,0.0)
(185137,54,18,0.0)

Zero Solution:
(185137,84,30,0.0)
(185137,46,2,0.0)
(185137,60,5,0.0)
(185137,25,30,0.0)
(185137,57,28,0.0)
(185137,56,30,0.0)
(185137,33,14,0.0)
(185137,54,18,0.0)

Zero Solution:
(185137,84,30,0.0)
(185137,54,18,0.0)
(185137,46,2,0.0)
(185137,25,30,0.0)
(185137,57,28,0.0)
(185137,56,30,0.0)
(185137,33,14,0.0)
(185137,60,5,0.0)

Zero Solution:
(185137,84,30,0.0)
(185137,54,18,0.0)
(185137,46,2,0.0)
(185137,25,30,0.0)
(185137,57,28,0.0)
(185137,56,30,0.0)
(185137,60,5,0.0)
(185137,33,14,0.0)

Zero Solution:
(185137,84,30,0.0)
(185137,54,18,0.0)
(185137,46,2,0.0)
(185137,25,30,0.0)
(185137,60,5,0.0)
(185137,57,28,0.0)
(185137,56,30,0.0)
(185137,33,14,0.0)

Zero Solution:
(185137,84,30,0.0)
(185137,54,18,0.0)
(185137,46,2,0.0)
(185137,60,5,0.0)
(185137,25,30,0.0)
(185137,57,28,0.0)
(185137,56,30,0.0)
(185137,33,14,0.0)

Zero Solution:
(185137,84,30,0.0)
(185137,54,18,0.0)
(185137,25,30,0.0)
(185137,46,2,0.0)
(185137,57,28,0.0)
(185137,56,30,0.0)
(185137,33,14,0.0)
(185137,60,5,0.0)

Zero Solution:
(185137,84,30,0.0)
(185137,54,18,0.0)
(185137,25,30,0.0)
(185137,46,2,0.0)
(185137,57,28,0.0)
(185137,56,30,0.0)
(185137,60,5,0.0)
(185137,33,14,0.0)

Zero Solution:
(185137,84,30,0.0)
(185137,54,18,0.0)
(185137,25,30,0.0)
(185137,46,2,0.0)
(185137,60,5,0.0)
(185137,57,28,0.0)
(185137,56,30,0.0)
(185137,33,14,0.0)

Zero Solution:
(185137,84,30,0.0)
(185137,54,18,0.0)
(185137,25,30,0.0)
(185137,60,5,0.0)
(185137,46,2,0.0)
(185137,57,28,0.0)
(185137,56,30,0.0)
(185137,33,14,0.0)

Zero Solution:
(185137,84,30,0.0)
(185137,54,18,0.0)
(185137,60,5,0.0)
(185137,46,2,0.0)
(185137,25,30,0.0)
(185137,57,28,0.0)
(185137,56,30,0.0)
(185137,33,14,0.0)

Zero Solution:
(185137,84,30,0.0)
(185137,54,18,0.0)
(185137,60,5,0.0)
(185137,25,30,0.0)
(185137,46,2,0.0)
(185137,57,28,0.0)
(185137,56,30,0.0)
(185137,33,14,0.0)

Zero Solution:
(185137,84,30,0.0)
(185137,25,30,0.0)
(185137,46,2,0.0)
(185137,54,18,0.0)
(185137,57,28,0.0)
(185137,56,30,0.0)
(185137,33,14,0.0)
(185137,60,5,0.0)

Zero Solution:
(185137,84,30,0.0)
(185137,25,30,0.0)
(185137,46,2,0.0)
(185137,54,18,0.0)
(185137,57,28,0.0)
(185137,56,30,0.0)
(185137,60,5,0.0)
(185137,33,14,0.0)

Zero Solution:
(185137,84,30,0.0)
(185137,25,30,0.0)
(185137,46,2,0.0)
(185137,54,18,0.0)
(185137,60,5,0.0)
(185137,57,28,0.0)
(185137,56,30,0.0)
(185137,33,14,0.0)

Zero Solution:
(185137,84,30,0.0)
(185137,25,30,0.0)
(185137,46,2,0.0)
(185137,33,14,0.0)
(185137,57,28,0.0)
(185137,56,30,0.0)
(185137,54,18,0.0)
(185137,60,5,0.0)

Zero Solution:
(185137,84,30,0.0)
(185137,25,30,0.0)
(185137,46,2,0.0)
(185137,33,14,0.0)
(185137,57,28,0.0)
(185137,56,30,0.0)
(185137,60,5,0.0)
(185137,54,18,0.0)

Zero Solution:
(185137,84,30,0.0)
(185137,25,30,0.0)
(185137,46,2,0.0)
(185137,33,14,0.0)
(185137,60,5,0.0)
(185137,57,28,0.0)
(185137,56,30,0.0)
(185137,54,18,0.0)

Zero Solution:
(185137,84,30,0.0)
(185137,25,30,0.0)
(185137,46,2,0.0)
(185137,57,28,0.0)
(185137,56,30,0.0)
(185137,54,18,0.0)
(185137,33,14,0.0)
(185137,60,5,0.0)

Zero Solution:
(185137,84,30,0.0)
(185137,25,30,0.0)
(185137,46,2,0.0)
(185137,57,28,0.0)
(185137,56,30,0.0)
(185137,54,18,0.0)
(185137,60,5,0.0)
(185137,33,14,0.0)

Zero Solution:
(185137,84,30,0.0)
(185137,25,30,0.0)
(185137,46,2,0.0)
(185137,57,28,0.0)
(185137,56,30,0.0)
(185137,33,14,0.0)
(185137,54,18,0.0)
(185137,60,5,0.0)

Zero Solution:
(185137,84,30,0.0)
(185137,25,30,0.0)
(185137,46,2,0.0)
(185137,57,28,0.0)
(185137,56,30,0.0)
(185137,33,14,0.0)
(185137,60,5,0.0)
(185137,54,18,0.0)

Zero Solution:
(185137,84,30,0.0)
(185137,25,30,0.0)
(185137,46,2,0.0)
(185137,57,28,0.0)
(185137,56,30,0.0)
(185137,60,5,0.0)
(185137,54,18,0.0)
(185137,33,14,0.0)

Zero Solution:
(185137,84,30,0.0)
(185137,25,30,0.0)
(185137,46,2,0.0)
(185137,57,28,0.0)
(185137,56,30,0.0)
(185137,60,5,0.0)
(185137,33,14,0.0)
(185137,54,18,0.0)

Zero Solution:
(185137,84,30,0.0)
(185137,25,30,0.0)
(185137,46,2,0.0)
(185137,60,5,0.0)
(185137,54,18,0.0)
(185137,57,28,0.0)
(185137,56,30,0.0)
(185137,33,14,0.0)

Zero Solution:
(185137,84,30,0.0)
(185137,25,30,0.0)
(185137,46,2,0.0)
(185137,60,5,0.0)
(185137,33,14,0.0)
(185137,57,28,0.0)
(185137,56,30,0.0)
(185137,54,18,0.0)

Zero Solution:
(185137,84,30,0.0)
(185137,25,30,0.0)
(185137,46,2,0.0)
(185137,60,5,0.0)
(185137,57,28,0.0)
(185137,56,30,0.0)
(185137,54,18,0.0)
(185137,33,14,0.0)

Zero Solution:
(185137,84,30,0.0)
(185137,25,30,0.0)
(185137,46,2,0.0)
(185137,60,5,0.0)
(185137,57,28,0.0)
(185137,56,30,0.0)
(185137,33,14,0.0)
(185137,54,18,0.0)

Zero Solution:
(185137,84,30,0.0)
(185137,25,30,0.0)
(185137,54,18,0.0)
(185137,46,2,0.0)
(185137,57,28,0.0)
(185137,56,30,0.0)
(185137,33,14,0.0)
(185137,60,5,0.0)

Zero Solution:
(185137,84,30,0.0)
(185137,25,30,0.0)
(185137,54,18,0.0)
(185137,46,2,0.0)
(185137,57,28,0.0)
(185137,56,30,0.0)
(185137,60,5,0.0)
(185137,33,14,0.0)

Zero Solution:
(185137,84,30,0.0)
(185137,25,30,0.0)
(185137,54,18,0.0)
(185137,46,2,0.0)
(185137,60,5,0.0)
(185137,57,28,0.0)
(185137,56,30,0.0)
(185137,33,14,0.0)

Zero Solution:
(185137,84,30,0.0)
(185137,25,30,0.0)
(185137,54,18,0.0)
(185137,60,5,0.0)
(185137,46,2,0.0)
(185137,57,28,0.0)
(185137,56,30,0.0)
(185137,33,14,0.0)

Zero Solution:
(185137,84,30,0.0)
(185137,25,30,0.0)
(185137,33,14,0.0)
(185137,46,2,0.0)
(185137,57,28,0.0)
(185137,56,30,0.0)
(185137,54,18,0.0)
(185137,60,5,0.0)

Zero Solution:
(185137,84,30,0.0)
(185137,25,30,0.0)
(185137,33,14,0.0)
(185137,46,2,0.0)
(185137,57,28,0.0)
(185137,56,30,0.0)
(185137,60,5,0.0)
(185137,54,18,0.0)

Zero Solution:
(185137,84,30,0.0)
(185137,25,30,0.0)
(185137,33,14,0.0)
(185137,46,2,0.0)
(185137,60,5,0.0)
(185137,57,28,0.0)
(185137,56,30,0.0)
(185137,54,18,0.0)

Zero Solution:
(185137,84,30,0.0)
(185137,25,30,0.0)
(185137,33,14,0.0)
(185137,60,5,0.0)
(185137,46,2,0.0)
(185137,57,28,0.0)
(185137,56,30,0.0)
(185137,54,18,0.0)

Zero Solution:
(185137,84,30,0.0)
(185137,25,30,0.0)
(185137,60,5,0.0)
(185137,46,2,0.0)
(185137,54,18,0.0)
(185137,57,28,0.0)
(185137,56,30,0.0)
(185137,33,14,0.0)

Zero Solution:
(185137,84,30,0.0)
(185137,25,30,0.0)
(185137,60,5,0.0)
(185137,46,2,0.0)
(185137,33,14,0.0)
(185137,57,28,0.0)
(185137,56,30,0.0)
(185137,54,18,0.0)

Zero Solution:
(185137,84,30,0.0)
(185137,25,30,0.0)
(185137,60,5,0.0)
(185137,46,2,0.0)
(185137,57,28,0.0)
(185137,56,30,0.0)
(185137,54,18,0.0)
(185137,33,14,0.0)

Zero Solution:
(185137,84,30,0.0)
(185137,25,30,0.0)
(185137,60,5,0.0)
(185137,46,2,0.0)
(185137,57,28,0.0)
(185137,56,30,0.0)
(185137,33,14,0.0)
(185137,54,18,0.0)

Zero Solution:
(185137,84,30,0.0)
(185137,25,30,0.0)
(185137,60,5,0.0)
(185137,54,18,0.0)
(185137,46,2,0.0)
(185137,57,28,0.0)
(185137,56,30,0.0)
(185137,33,14,0.0)

Zero Solution:
(185137,84,30,0.0)
(185137,25,30,0.0)
(185137,60,5,0.0)
(185137,33,14,0.0)
(185137,46,2,0.0)
(185137,57,28,0.0)
(185137,56,30,0.0)
(185137,54,18,0.0)

Zero Solution:
(185137,84,30,0.0)
(185137,60,5,0.0)
(185137,46,2,0.0)
(185137,25,30,0.0)
(185137,57,28,0.0)
(185137,56,30,0.0)
(185137,33,14,0.0)
(185137,54,18,0.0)

Zero Solution:
(185137,84,30,0.0)
(185137,60,5,0.0)
(185137,54,18,0.0)
(185137,46,2,0.0)
(185137,25,30,0.0)
(185137,57,28,0.0)
(185137,56,30,0.0)
(185137,33,14,0.0)

Zero Solution:
(185137,84,30,0.0)
(185137,60,5,0.0)
(185137,54,18,0.0)
(185137,25,30,0.0)
(185137,46,2,0.0)
(185137,57,28,0.0)
(185137,56,30,0.0)
(185137,33,14,0.0)

Zero Solution:
(185137,84,30,0.0)
(185137,60,5,0.0)
(185137,25,30,0.0)
(185137,46,2,0.0)
(185137,54,18,0.0)
(185137,57,28,0.0)
(185137,56,30,0.0)
(185137,33,14,0.0)

Zero Solution:
(185137,84,30,0.0)
(185137,60,5,0.0)
(185137,25,30,0.0)
(185137,46,2,0.0)
(185137,33,14,0.0)
(185137,57,28,0.0)
(185137,56,30,0.0)
(185137,54,18,0.0)

Zero Solution:
(185137,84,30,0.0)
(185137,60,5,0.0)
(185137,25,30,0.0)
(185137,46,2,0.0)
(185137,57,28,0.0)
(185137,56,30,0.0)
(185137,54,18,0.0)
(185137,33,14,0.0)

Zero Solution:
(185137,84,30,0.0)
(185137,60,5,0.0)
(185137,25,30,0.0)
(185137,46,2,0.0)
(185137,57,28,0.0)
(185137,56,30,0.0)
(185137,33,14,0.0)
(185137,54,18,0.0)

Zero Solution:
(185137,84,30,0.0)
(185137,60,5,0.0)
(185137,25,30,0.0)
(185137,54,18,0.0)
(185137,46,2,0.0)
(185137,57,28,0.0)
(185137,56,30,0.0)
(185137,33,14,0.0)

Zero Solution:
(185137,84,30,0.0)
(185137,60,5,0.0)
(185137,25,30,0.0)
(185137,33,14,0.0)
(185137,46,2,0.0)
(185137,57,28,0.0)
(185137,56,30,0.0)
(185137,54,18,0.0)

Zero Solution:
(185137,33,14,0.0)
(185137,46,2,0.0)
(185137,57,28,0.0)
(185137,56,30,0.0)
(185137,84,30,0.0)
(185137,25,30,0.0)
(185137,60,5,0.0)
(185137,54,18,0.0)

Zero Solution:
(185137,33,14,0.0)
(185137,46,2,0.0)
(185137,57,28,0.0)
(185137,56,30,0.0)
(185137,84,30,0.0)
(185137,60,5,0.0)
(185137,25,30,0.0)
(185137,54,18,0.0)

Zero Solution:
(185137,33,14,0.0)
(185137,46,2,0.0)
(185137,57,28,0.0)
(185137,56,30,0.0)
(185137,60,5,0.0)
(185137,84,30,0.0)
(185137,25,30,0.0)
(185137,54,18,0.0)

Zero Solution:
(185137,33,14,0.0)
(185137,46,2,0.0)
(185137,60,5,0.0)
(185137,57,28,0.0)
(185137,56,30,0.0)
(185137,84,30,0.0)
(185137,25,30,0.0)
(185137,54,18,0.0)

Zero Solution:
(185137,33,14,0.0)
(185137,56,30,0.0)
(185137,57,28,0.0)
(185137,46,2,0.0)
(185137,54,18,0.0)
(185137,25,30,0.0)
(185137,84,30,0.0)
(185137,60,5,0.0)

Zero Solution:
(185137,33,14,0.0)
(185137,56,30,0.0)
(185137,57,28,0.0)
(185137,46,2,0.0)
(185137,54,18,0.0)
(185137,25,30,0.0)
(185137,60,5,0.0)
(185137,84,30,0.0)

Zero Solution:
(185137,33,14,0.0)
(185137,56,30,0.0)
(185137,57,28,0.0)
(185137,46,2,0.0)
(185137,54,18,0.0)
(185137,60,5,0.0)
(185137,25,30,0.0)
(185137,84,30,0.0)

Zero Solution:
(185137,33,14,0.0)
(185137,56,30,0.0)
(185137,57,28,0.0)
(185137,46,2,0.0)
(185137,25,30,0.0)
(185137,54,18,0.0)
(185137,84,30,0.0)
(185137,60,5,0.0)

Zero Solution:
(185137,33,14,0.0)
(185137,56,30,0.0)
(185137,57,28,0.0)
(185137,46,2,0.0)
(185137,25,30,0.0)
(185137,54,18,0.0)
(185137,60,5,0.0)
(185137,84,30,0.0)

Zero Solution:
(185137,33,14,0.0)
(185137,56,30,0.0)
(185137,57,28,0.0)
(185137,46,2,0.0)
(185137,25,30,0.0)
(185137,60,5,0.0)
(185137,54,18,0.0)
(185137,84,30,0.0)

Zero Solution:
(185137,33,14,0.0)
(185137,56,30,0.0)
(185137,57,28,0.0)
(185137,46,2,0.0)
(185137,60,5,0.0)
(185137,54,18,0.0)
(185137,25,30,0.0)
(185137,84,30,0.0)

Zero Solution:
(185137,33,14,0.0)
(185137,56,30,0.0)
(185137,57,28,0.0)
(185137,46,2,0.0)
(185137,60,5,0.0)
(185137,25,30,0.0)
(185137,54,18,0.0)
(185137,84,30,0.0)

Zero Solution:
(185137,33,14,0.0)
(185137,56,30,0.0)
(185137,57,28,0.0)
(185137,54,18,0.0)
(185137,46,2,0.0)
(185137,25,30,0.0)
(185137,84,30,0.0)
(185137,60,5,0.0)

Zero Solution:
(185137,33,14,0.0)
(185137,56,30,0.0)
(185137,57,28,0.0)
(185137,54,18,0.0)
(185137,46,2,0.0)
(185137,25,30,0.0)
(185137,60,5,0.0)
(185137,84,30,0.0)

Zero Solution:
(185137,33,14,0.0)
(185137,56,30,0.0)
(185137,57,28,0.0)
(185137,54,18,0.0)
(185137,46,2,0.0)
(185137,60,5,0.0)
(185137,25,30,0.0)
(185137,84,30,0.0)

Zero Solution:
(185137,33,14,0.0)
(185137,56,30,0.0)
(185137,57,28,0.0)
(185137,54,18,0.0)
(185137,60,5,0.0)
(185137,46,2,0.0)
(185137,25,30,0.0)
(185137,84,30,0.0)

Zero Solution:
(185137,33,14,0.0)
(185137,56,30,0.0)
(185137,57,28,0.0)
(185137,25,30,0.0)
(185137,46,2,0.0)
(185137,54,18,0.0)
(185137,84,30,0.0)
(185137,60,5,0.0)

Zero Solution:
(185137,33,14,0.0)
(185137,56,30,0.0)
(185137,57,28,0.0)
(185137,25,30,0.0)
(185137,46,2,0.0)
(185137,54,18,0.0)
(185137,60,5,0.0)
(185137,84,30,0.0)

Zero Solution:
(185137,33,14,0.0)
(185137,56,30,0.0)
(185137,57,28,0.0)
(185137,25,30,0.0)
(185137,46,2,0.0)
(185137,60,5,0.0)
(185137,54,18,0.0)
(185137,84,30,0.0)

Zero Solution:
(185137,33,14,0.0)
(185137,56,30,0.0)
(185137,57,28,0.0)
(185137,25,30,0.0)
(185137,60,5,0.0)
(185137,46,2,0.0)
(185137,54,18,0.0)
(185137,84,30,0.0)

Zero Solution:
(185137,33,14,0.0)
(185137,56,30,0.0)
(185137,57,28,0.0)
(185137,60,5,0.0)
(185137,46,2,0.0)
(185137,54,18,0.0)
(185137,25,30,0.0)
(185137,84,30,0.0)

Zero Solution:
(185137,33,14,0.0)
(185137,56,30,0.0)
(185137,57,28,0.0)
(185137,60,5,0.0)
(185137,46,2,0.0)
(185137,25,30,0.0)
(185137,54,18,0.0)
(185137,84,30,0.0)

Zero Solution:
(185137,33,14,0.0)
(185137,56,30,0.0)
(185137,57,28,0.0)
(185137,60,5,0.0)
(185137,54,18,0.0)
(185137,46,2,0.0)
(185137,25,30,0.0)
(185137,84,30,0.0)

Zero Solution:
(185137,33,14,0.0)
(185137,56,30,0.0)
(185137,57,28,0.0)
(185137,60,5,0.0)
(185137,25,30,0.0)
(185137,46,2,0.0)
(185137,54,18,0.0)
(185137,84,30,0.0)

Zero Solution:
(185137,33,14,0.0)
(185137,54,18,0.0)
(185137,56,30,0.0)
(185137,57,28,0.0)
(185137,46,2,0.0)
(185137,25,30,0.0)
(185137,84,30,0.0)
(185137,60,5,0.0)

Zero Solution:
(185137,33,14,0.0)
(185137,54,18,0.0)
(185137,56,30,0.0)
(185137,57,28,0.0)
(185137,46,2,0.0)
(185137,25,30,0.0)
(185137,60,5,0.0)
(185137,84,30,0.0)

Zero Solution:
(185137,33,14,0.0)
(185137,54,18,0.0)
(185137,56,30,0.0)
(185137,57,28,0.0)
(185137,46,2,0.0)
(185137,60,5,0.0)
(185137,25,30,0.0)
(185137,84,30,0.0)

Zero Solution:
(185137,33,14,0.0)
(185137,54,18,0.0)
(185137,56,30,0.0)
(185137,57,28,0.0)
(185137,60,5,0.0)
(185137,46,2,0.0)
(185137,25,30,0.0)
(185137,84,30,0.0)

Zero Solution:
(185137,33,14,0.0)
(185137,54,18,0.0)
(185137,60,5,0.0)
(185137,56,30,0.0)
(185137,57,28,0.0)
(185137,46,2,0.0)
(185137,25,30,0.0)
(185137,84,30,0.0)

Zero Solution:
(185137,33,14,0.0)
(185137,57,28,0.0)
(185137,56,30,0.0)
(185137,46,2,0.0)
(185137,84,30,0.0)
(185137,25,30,0.0)
(185137,54,18,0.0)
(185137,60,5,0.0)

Zero Solution:
(185137,33,14,0.0)
(185137,57,28,0.0)
(185137,56,30,0.0)
(185137,46,2,0.0)
(185137,84,30,0.0)
(185137,25,30,0.0)
(185137,60,5,0.0)
(185137,54,18,0.0)

Zero Solution:
(185137,33,14,0.0)
(185137,57,28,0.0)
(185137,56,30,0.0)
(185137,46,2,0.0)
(185137,84,30,0.0)
(185137,60,5,0.0)
(185137,25,30,0.0)
(185137,54,18,0.0)

Zero Solution:
(185137,33,14,0.0)
(185137,57,28,0.0)
(185137,56,30,0.0)
(185137,46,2,0.0)
(185137,60,5,0.0)
(185137,84,30,0.0)
(185137,25,30,0.0)
(185137,54,18,0.0)

Zero Solution:
(185137,33,14,0.0)
(185137,57,28,0.0)
(185137,56,30,0.0)
(185137,60,5,0.0)
(185137,46,2,0.0)
(185137,84,30,0.0)
(185137,25,30,0.0)
(185137,54,18,0.0)

Zero Solution:
(185137,33,14,0.0)
(185137,60,5,0.0)
(185137,46,2,0.0)
(185137,57,28,0.0)
(185137,56,30,0.0)
(185137,84,30,0.0)
(185137,25,30,0.0)
(185137,54,18,0.0)

Zero Solution:
(185137,33,14,0.0)
(185137,60,5,0.0)
(185137,56,30,0.0)
(185137,57,28,0.0)
(185137,46,2,0.0)
(185137,54,18,0.0)
(185137,25,30,0.0)
(185137,84,30,0.0)

Zero Solution:
(185137,33,14,0.0)
(185137,60,5,0.0)
(185137,56,30,0.0)
(185137,57,28,0.0)
(185137,46,2,0.0)
(185137,25,30,0.0)
(185137,54,18,0.0)
(185137,84,30,0.0)

Zero Solution:
(185137,33,14,0.0)
(185137,60,5,0.0)
(185137,56,30,0.0)
(185137,57,28,0.0)
(185137,54,18,0.0)
(185137,46,2,0.0)
(185137,25,30,0.0)
(185137,84,30,0.0)

Zero Solution:
(185137,33,14,0.0)
(185137,60,5,0.0)
(185137,56,30,0.0)
(185137,57,28,0.0)
(185137,25,30,0.0)
(185137,46,2,0.0)
(185137,54,18,0.0)
(185137,84,30,0.0)

Zero Solution:
(185137,33,14,0.0)
(185137,60,5,0.0)
(185137,54,18,0.0)
(185137,56,30,0.0)
(185137,57,28,0.0)
(185137,46,2,0.0)
(185137,25,30,0.0)
(185137,84,30,0.0)

Zero Solution:
(185137,33,14,0.0)
(185137,60,5,0.0)
(185137,57,28,0.0)
(185137,56,30,0.0)
(185137,46,2,0.0)
(185137,84,30,0.0)
(185137,25,30,0.0)
(185137,54,18,0.0)

Zero Solution:
(185137,60,5,0.0)
(185137,54,18,0.0)
(185137,56,30,0.0)
(185137,57,28,0.0)
(185137,46,2,0.0)
(185137,33,14,0.0)
(185137,25,30,0.0)
(185137,84,30,0.0)

Zero Solution:
(185137,60,5,0.0)
(185137,54,18,0.0)
(185137,56,30,0.0)
(185137,57,28,0.0)
(185137,33,14,0.0)
(185137,46,2,0.0)
(185137,25,30,0.0)
(185137,84,30,0.0)

Zero Solution:
(185137,60,5,0.0)
(185137,54,18,0.0)
(185137,25,30,0.0)
(185137,84,30,0.0)
(185137,46,2,0.0)
(185137,56,30,0.0)
(185137,57,28,0.0)
(185137,33,14,0.0)

Zero Solution:
(185137,60,5,0.0)
(185137,54,18,0.0)
(185137,33,14,0.0)
(185137,56,30,0.0)
(185137,57,28,0.0)
(185137,46,2,0.0)
(185137,25,30,0.0)
(185137,84,30,0.0)

Zero Solution:
(185137,60,5,0.0)
(185137,54,18,0.0)
(185137,33,14,0.0)
(185137,56,30,0.0)
(185137,57,28,0.0)
(185137,25,30,0.0)
(185137,46,2,0.0)
(185137,84,30,0.0)

Zero Solution:
(185137,60,5,0.0)
(185137,84,30,0.0)
(185137,46,2,0.0)
(185137,25,30,0.0)
(185137,57,28,0.0)
(185137,56,30,0.0)
(185137,33,14,0.0)
(185137,54,18,0.0)

Zero Solution:
(185137,60,5,0.0)
(185137,84,30,0.0)
(185137,54,18,0.0)
(185137,46,2,0.0)
(185137,25,30,0.0)
(185137,57,28,0.0)
(185137,56,30,0.0)
(185137,33,14,0.0)

Zero Solution:
(185137,60,5,0.0)
(185137,84,30,0.0)
(185137,54,18,0.0)
(185137,25,30,0.0)
(185137,46,2,0.0)
(185137,57,28,0.0)
(185137,56,30,0.0)
(185137,33,14,0.0)

Zero Solution:
(185137,60,5,0.0)
(185137,84,30,0.0)
(185137,25,30,0.0)
(185137,46,2,0.0)
(185137,54,18,0.0)
(185137,57,28,0.0)
(185137,56,30,0.0)
(185137,33,14,0.0)

Zero Solution:
(185137,60,5,0.0)
(185137,84,30,0.0)
(185137,25,30,0.0)
(185137,46,2,0.0)
(185137,33,14,0.0)
(185137,57,28,0.0)
(185137,56,30,0.0)
(185137,54,18,0.0)

Zero Solution:
(185137,60,5,0.0)
(185137,84,30,0.0)
(185137,25,30,0.0)
(185137,46,2,0.0)
(185137,57,28,0.0)
(185137,56,30,0.0)
(185137,54,18,0.0)
(185137,33,14,0.0)

Zero Solution:
(185137,60,5,0.0)
(185137,84,30,0.0)
(185137,25,30,0.0)
(185137,46,2,0.0)
(185137,57,28,0.0)
(185137,56,30,0.0)
(185137,33,14,0.0)
(185137,54,18,0.0)

Zero Solution:
(185137,60,5,0.0)
(185137,84,30,0.0)
(185137,25,30,0.0)
(185137,54,18,0.0)
(185137,46,2,0.0)
(185137,57,28,0.0)
(185137,56,30,0.0)
(185137,33,14,0.0)

Zero Solution:
(185137,60,5,0.0)
(185137,84,30,0.0)
(185137,25,30,0.0)
(185137,33,14,0.0)
(185137,46,2,0.0)
(185137,57,28,0.0)
(185137,56,30,0.0)
(185137,54,18,0.0)

Zero Solution:
(185137,60,5,0.0)
(185137,33,14,0.0)
(185137,46,2,0.0)
(185137,57,28,0.0)
(185137,56,30,0.0)
(185137,84,30,0.0)
(185137,25,30,0.0)
(185137,54,18,0.0)

Zero Solution:
(185137,60,5,0.0)
(185137,33,14,0.0)
(185137,56,30,0.0)
(185137,57,28,0.0)
(185137,46,2,0.0)
(185137,54,18,0.0)
(185137,25,30,0.0)
(185137,84,30,0.0)

Zero Solution:
(185137,60,5,0.0)
(185137,33,14,0.0)
(185137,56,30,0.0)
(185137,57,28,0.0)
(185137,46,2,0.0)
(185137,25,30,0.0)
(185137,54,18,0.0)
(185137,84,30,0.0)

Zero Solution:
(185137,60,5,0.0)
(185137,33,14,0.0)
(185137,56,30,0.0)
(185137,57,28,0.0)
(185137,54,18,0.0)
(185137,46,2,0.0)
(185137,25,30,0.0)
(185137,84,30,0.0)

Zero Solution:
(185137,60,5,0.0)
(185137,33,14,0.0)
(185137,56,30,0.0)
(185137,57,28,0.0)
(185137,25,30,0.0)
(185137,46,2,0.0)
(185137,54,18,0.0)
(185137,84,30,0.0)

Zero Solution:
(185137,60,5,0.0)
(185137,33,14,0.0)
(185137,54,18,0.0)
(185137,56,30,0.0)
(185137,57,28,0.0)
(185137,46,2,0.0)
(185137,25,30,0.0)
(185137,84,30,0.0)

Zero Solution:
(185137,60,5,0.0)
(185137,33,14,0.0)
(185137,57,28,0.0)
(185137,56,30,0.0)
(185137,46,2,0.0)
(185137,84,30,0.0)
(185137,25,30,0.0)
(185137,54,18,0.0)

##############################################
Prim Heuristic Solution:
(150213,26,19,0.0)
(150213,40,28,0.0)
(150213,58,8,0.0)
