
##############################################
Zero Solution:
(147553,15,1,0.0)
(147553,31,29,0.0)
(147553,37,14,0.0)
(147553,72,4,0.0)
(147553,96,2,0.0)
(147553,53,27,0.0)
(147553,34,1,0.0)

Zero Solution:
(147553,15,1,0.0)
(147553,53,27,0.0)
(147553,96,2,0.0)
(147553,72,4,0.0)
(147553,37,14,0.0)
(147553,31,29,0.0)
(147553,34,1,0.0)

Zero Solution:
(147553,15,1,0.0)
(147553,34,1,0.0)
(147553,31,29,0.0)
(147553,37,14,0.0)
(147553,72,4,0.0)
(147553,96,2,0.0)
(147553,53,27,0.0)

Zero Solution:
(147553,15,1,0.0)
(147553,34,1,0.0)
(147553,53,27,0.0)
(147553,96,2,0.0)
(147553,72,4,0.0)
(147553,37,14,0.0)
(147553,31,29,0.0)

Zero Solution:
(147553,31,29,0.0)
(147553,37,14,0.0)
(147553,72,4,0.0)
(147553,96,2,0.0)
(147553,53,27,0.0)
(147553,15,1,0.0)
(147553,34,1,0.0)

Zero Solution:
(147553,31,29,0.0)
(147553,37,14,0.0)
(147553,72,4,0.0)
(147553,96,2,0.0)
(147553,53,27,0.0)
(147553,34,1,0.0)
(147553,15,1,0.0)

Zero Solution:
(147553,53,27,0.0)
(147553,96,2,0.0)
(147553,72,4,0.0)
(147553,37,14,0.0)
(147553,31,29,0.0)
(147553,15,1,0.0)
(147553,34,1,0.0)

Zero Solution:
(147553,53,27,0.0)
(147553,96,2,0.0)
(147553,72,4,0.0)
(147553,37,14,0.0)
(147553,31,29,0.0)
(147553,34,1,0.0)
(147553,15,1,0.0)

Zero Solution:
(147553,34,1,0.0)
(147553,15,1,0.0)
(147553,31,29,0.0)
(147553,37,14,0.0)
(147553,72,4,0.0)
(147553,96,2,0.0)
(147553,53,27,0.0)

Zero Solution:
(147553,34,1,0.0)
(147553,15,1,0.0)
(147553,53,27,0.0)
(147553,96,2,0.0)
(147553,72,4,0.0)
(147553,37,14,0.0)
(147553,31,29,0.0)

Zero Solution:
(147553,34,1,0.0)
(147553,31,29,0.0)
(147553,37,14,0.0)
(147553,72,4,0.0)
(147553,96,2,0.0)
(147553,53,27,0.0)
(147553,15,1,0.0)

Zero Solution:
(147553,34,1,0.0)
(147553,53,27,0.0)
(147553,96,2,0.0)
(147553,72,4,0.0)
(147553,37,14,0.0)
(147553,31,29,0.0)
(147553,15,1,0.0)

Prim Heuristic Solution:
(147553,72,4,0.0)
(147553,34,1,0.0)
(147553,15,1,0.0)
(147553,53,27,0.0)
(147553,96,2,0.0)
(147553,31,29,0.0)
##############################################
Zero Solution:
(233921,40,6,0.0)
(233921,42,25,0.0)
(233921,86,29,0.0)
(233921,85,3,0.0)
(233921,61,7,0.0)
(233921,76,11,0.0)
(233921,52,29,0.0)

Zero Solution:
(233921,40,6,0.0)
(233921,52,29,0.0)
(233921,76,11,0.0)
(233921,61,7,0.0)
(233921,85,3,0.0)
(233921,86,29,0.0)
(233921,42,25,0.0)

Zero Solution:
(233921,42,25,0.0)
(233921,40,6,0.0)
(233921,86,29,0.0)
(233921,85,3,0.0)
(233921,61,7,0.0)
(233921,76,11,0.0)
(233921,52,29,0.0)

Zero Solution:
(233921,42,25,0.0)
(233921,86,29,0.0)
(233921,85,3,0.0)
(233921,61,7,0.0)
(233921,76,11,0.0)
(233921,52,29,0.0)
(233921,40,6,0.0)

Zero Solution:
(233921,52,29,0.0)
(233921,76,11,0.0)
(233921,61,7,0.0)
(233921,85,3,0.0)
(233921,86,29,0.0)
(233921,40,6,0.0)
(233921,42,25,0.0)

Zero Solution:
(233921,52,29,0.0)
(233921,76,11,0.0)
(233921,61,7,0.0)
(233921,85,3,0.0)
(233921,86,29,0.0)
(233921,42,25,0.0)
(233921,40,6,0.0)

Prim Heuristic Solution:
(233921,40,6,0.0)
(233921,61,7,0.0)
(233921,86,29,0.0)
(233921,85,3,0.0)
(233921,76,11,0.0)
(233921,42,25,0.0)
##############################################
Zero Solution:
(189601,75,29,0.0)
(189601,79,3,0.0)
(189601,23,2,0.0)
(189601,67,1,0.0)
(189601,63,6,0.0)
(189601,44,3,0.0)
(189601,48,22,0.0)

Zero Solution:
(189601,75,29,0.0)
(189601,79,3,0.0)
(189601,23,2,0.0)
(189601,67,1,0.0)
(189601,44,3,0.0)
(189601,48,22,0.0)
(189601,63,6,0.0)

Zero Solution:
(189601,75,29,0.0)
(189601,79,3,0.0)
(189601,23,2,0.0)
(189601,67,1,0.0)
(189601,44,3,0.0)
(189601,63,6,0.0)
(189601,48,22,0.0)

Zero Solution:
(189601,75,29,0.0)
(189601,79,3,0.0)
(189601,44,3,0.0)
(189601,67,1,0.0)
(189601,23,2,0.0)
(189601,48,22,0.0)
(189601,63,6,0.0)

Zero Solution:
(189601,75,29,0.0)
(189601,79,3,0.0)
(189601,44,3,0.0)
(189601,67,1,0.0)
(189601,23,2,0.0)
(189601,63,6,0.0)
(189601,48,22,0.0)

Zero Solution:
(189601,75,29,0.0)
(189601,79,3,0.0)
(189601,44,3,0.0)
(189601,67,1,0.0)
(189601,48,22,0.0)
(189601,23,2,0.0)
(189601,63,6,0.0)

Zero Solution:
(189601,75,29,0.0)
(189601,79,3,0.0)
(189601,44,3,0.0)
(189601,67,1,0.0)
(189601,48,22,0.0)
(189601,63,6,0.0)
(189601,23,2,0.0)

Zero Solution:
(189601,75,29,0.0)
(189601,79,3,0.0)
(189601,44,3,0.0)
(189601,67,1,0.0)
(189601,63,6,0.0)
(189601,23,2,0.0)
(189601,48,22,0.0)

Zero Solution:
(189601,75,29,0.0)
(189601,79,3,0.0)
(189601,44,3,0.0)
(189601,67,1,0.0)
(189601,63,6,0.0)
(189601,48,22,0.0)
(189601,23,2,0.0)

Zero Solution:
(189601,75,29,0.0)
(189601,79,3,0.0)
(189601,67,1,0.0)
(189601,23,2,0.0)
(189601,63,6,0.0)
(189601,44,3,0.0)
(189601,48,22,0.0)

Zero Solution:
(189601,75,29,0.0)
(189601,79,3,0.0)
(189601,67,1,0.0)
(189601,23,2,0.0)
(189601,44,3,0.0)
(189601,48,22,0.0)
(189601,63,6,0.0)

Zero Solution:
(189601,75,29,0.0)
(189601,79,3,0.0)
(189601,67,1,0.0)
(189601,23,2,0.0)
(189601,44,3,0.0)
(189601,63,6,0.0)
(189601,48,22,0.0)

Zero Solution:
(189601,75,29,0.0)
(189601,79,3,0.0)
(189601,67,1,0.0)
(189601,63,6,0.0)
(189601,23,2,0.0)
(189601,44,3,0.0)
(189601,48,22,0.0)

Zero Solution:
(189601,75,29,0.0)
(189601,79,3,0.0)
(189601,67,1,0.0)
(189601,63,6,0.0)
(189601,44,3,0.0)
(189601,23,2,0.0)
(189601,48,22,0.0)

Zero Solution:
(189601,75,29,0.0)
(189601,79,3,0.0)
(189601,67,1,0.0)
(189601,63,6,0.0)
(189601,44,3,0.0)
(189601,48,22,0.0)
(189601,23,2,0.0)

Zero Solution:
(189601,75,29,0.0)
(189601,79,3,0.0)
(189601,67,1,0.0)
(189601,44,3,0.0)
(189601,23,2,0.0)
(189601,48,22,0.0)
(189601,63,6,0.0)

Zero Solution:
(189601,75,29,0.0)
(189601,79,3,0.0)
(189601,67,1,0.0)
(189601,44,3,0.0)
(189601,23,2,0.0)
(189601,63,6,0.0)
(189601,48,22,0.0)

Zero Solution:
(189601,75,29,0.0)
(189601,79,3,0.0)
(189601,67,1,0.0)
(189601,44,3,0.0)
(189601,48,22,0.0)
(189601,23,2,0.0)
(189601,63,6,0.0)

Zero Solution:
(189601,75,29,0.0)
(189601,79,3,0.0)
(189601,67,1,0.0)
(189601,44,3,0.0)
(189601,48,22,0.0)
(189601,63,6,0.0)
(189601,23,2,0.0)

Zero Solution:
(189601,75,29,0.0)
(189601,79,3,0.0)
(189601,67,1,0.0)
(189601,44,3,0.0)
(189601,63,6,0.0)
(189601,23,2,0.0)
(189601,48,22,0.0)

Zero Solution:
(189601,75,29,0.0)
(189601,79,3,0.0)
(189601,67,1,0.0)
(189601,44,3,0.0)
(189601,63,6,0.0)
(189601,48,22,0.0)
(189601,23,2,0.0)

Zero Solution:
(189601,23,2,0.0)
(189601,75,29,0.0)
(189601,79,3,0.0)
(189601,44,3,0.0)
(189601,67,1,0.0)
(189601,48,22,0.0)
(189601,63,6,0.0)

Zero Solution:
(189601,23,2,0.0)
(189601,75,29,0.0)
(189601,79,3,0.0)
(189601,44,3,0.0)
(189601,67,1,0.0)
(189601,63,6,0.0)
(189601,48,22,0.0)

Zero Solution:
(189601,23,2,0.0)
(189601,75,29,0.0)
(189601,79,3,0.0)
(189601,67,1,0.0)
(189601,63,6,0.0)
(189601,44,3,0.0)
(189601,48,22,0.0)

Zero Solution:
(189601,23,2,0.0)
(189601,75,29,0.0)
(189601,79,3,0.0)
(189601,67,1,0.0)
(189601,44,3,0.0)
(189601,48,22,0.0)
(189601,63,6,0.0)

Zero Solution:
(189601,23,2,0.0)
(189601,75,29,0.0)
(189601,79,3,0.0)
(189601,67,1,0.0)
(189601,44,3,0.0)
(189601,63,6,0.0)
(189601,48,22,0.0)

Zero Solution:
(189601,23,2,0.0)
(189601,48,22,0.0)
(189601,63,6,0.0)
(189601,44,3,0.0)
(189601,67,1,0.0)
(189601,79,3,0.0)
(189601,75,29,0.0)

Zero Solution:
(189601,23,2,0.0)
(189601,48,22,0.0)
(189601,63,6,0.0)
(189601,67,1,0.0)
(189601,79,3,0.0)
(189601,75,29,0.0)
(189601,44,3,0.0)

Zero Solution:
(189601,23,2,0.0)
(189601,48,22,0.0)
(189601,63,6,0.0)
(189601,67,1,0.0)
(189601,44,3,0.0)
(189601,79,3,0.0)
(189601,75,29,0.0)

Zero Solution:
(189601,23,2,0.0)
(189601,48,22,0.0)
(189601,44,3,0.0)
(189601,63,6,0.0)
(189601,67,1,0.0)
(189601,79,3,0.0)
(189601,75,29,0.0)

Zero Solution:
(189601,23,2,0.0)
(189601,48,22,0.0)
(189601,44,3,0.0)
(189601,67,1,0.0)
(189601,79,3,0.0)
(189601,75,29,0.0)
(189601,63,6,0.0)

Zero Solution:
(189601,23,2,0.0)
(189601,48,22,0.0)
(189601,67,1,0.0)
(189601,79,3,0.0)
(189601,75,29,0.0)
(189601,63,6,0.0)
(189601,44,3,0.0)

Zero Solution:
(189601,23,2,0.0)
(189601,48,22,0.0)
(189601,67,1,0.0)
(189601,44,3,0.0)
(189601,79,3,0.0)
(189601,75,29,0.0)
(189601,63,6,0.0)

Zero Solution:
(189601,23,2,0.0)
(189601,63,6,0.0)
(189601,75,29,0.0)
(189601,79,3,0.0)
(189601,44,3,0.0)
(189601,67,1,0.0)
(189601,48,22,0.0)

Zero Solution:
(189601,23,2,0.0)
(189601,63,6,0.0)
(189601,75,29,0.0)
(189601,79,3,0.0)
(189601,67,1,0.0)
(189601,44,3,0.0)
(189601,48,22,0.0)

Zero Solution:
(189601,23,2,0.0)
(189601,63,6,0.0)
(189601,48,22,0.0)
(189601,44,3,0.0)
(189601,67,1,0.0)
(189601,79,3,0.0)
(189601,75,29,0.0)

Zero Solution:
(189601,23,2,0.0)
(189601,63,6,0.0)
(189601,48,22,0.0)
(189601,67,1,0.0)
(189601,79,3,0.0)
(189601,75,29,0.0)
(189601,44,3,0.0)

Zero Solution:
(189601,23,2,0.0)
(189601,63,6,0.0)
(189601,48,22,0.0)
(189601,67,1,0.0)
(189601,44,3,0.0)
(189601,79,3,0.0)
(189601,75,29,0.0)

Zero Solution:
(189601,23,2,0.0)
(189601,44,3,0.0)
(189601,75,29,0.0)
(189601,79,3,0.0)
(189601,67,1,0.0)
(189601,48,22,0.0)
(189601,63,6,0.0)

Zero Solution:
(189601,23,2,0.0)
(189601,44,3,0.0)
(189601,75,29,0.0)
(189601,79,3,0.0)
(189601,67,1,0.0)
(189601,63,6,0.0)
(189601,48,22,0.0)

Zero Solution:
(189601,23,2,0.0)
(189601,44,3,0.0)
(189601,63,6,0.0)
(189601,75,29,0.0)
(189601,79,3,0.0)
(189601,67,1,0.0)
(189601,48,22,0.0)

Zero Solution:
(189601,48,22,0.0)
(189601,23,2,0.0)
(189601,63,6,0.0)
(189601,44,3,0.0)
(189601,67,1,0.0)
(189601,79,3,0.0)
(189601,75,29,0.0)

Zero Solution:
(189601,48,22,0.0)
(189601,23,2,0.0)
(189601,63,6,0.0)
(189601,67,1,0.0)
(189601,79,3,0.0)
(189601,75,29,0.0)
(189601,44,3,0.0)

Zero Solution:
(189601,48,22,0.0)
(189601,23,2,0.0)
(189601,63,6,0.0)
(189601,67,1,0.0)
(189601,44,3,0.0)
(189601,79,3,0.0)
(189601,75,29,0.0)

Zero Solution:
(189601,48,22,0.0)
(189601,23,2,0.0)
(189601,44,3,0.0)
(189601,63,6,0.0)
(189601,67,1,0.0)
(189601,79,3,0.0)
(189601,75,29,0.0)

Zero Solution:
(189601,48,22,0.0)
(189601,23,2,0.0)
(189601,44,3,0.0)
(189601,67,1,0.0)
(189601,79,3,0.0)
(189601,75,29,0.0)
(189601,63,6,0.0)

Zero Solution:
(189601,48,22,0.0)
(189601,23,2,0.0)
(189601,67,1,0.0)
(189601,79,3,0.0)
(189601,75,29,0.0)
(189601,63,6,0.0)
(189601,44,3,0.0)

Zero Solution:
(189601,48,22,0.0)
(189601,23,2,0.0)
(189601,67,1,0.0)
(189601,44,3,0.0)
(189601,79,3,0.0)
(189601,75,29,0.0)
(189601,63,6,0.0)

Zero Solution:
(189601,48,22,0.0)
(189601,63,6,0.0)
(189601,23,2,0.0)
(189601,44,3,0.0)
(189601,67,1,0.0)
(189601,79,3,0.0)
(189601,75,29,0.0)

Zero Solution:
(189601,48,22,0.0)
(189601,63,6,0.0)
(189601,23,2,0.0)
(189601,67,1,0.0)
(189601,79,3,0.0)
(189601,75,29,0.0)
(189601,44,3,0.0)

Zero Solution:
(189601,48,22,0.0)
(189601,63,6,0.0)
(189601,23,2,0.0)
(189601,67,1,0.0)
(189601,44,3,0.0)
(189601,79,3,0.0)
(189601,75,29,0.0)

Zero Solution:
(189601,48,22,0.0)
(189601,63,6,0.0)
(189601,44,3,0.0)
(189601,23,2,0.0)
(189601,67,1,0.0)
(189601,79,3,0.0)
(189601,75,29,0.0)

Zero Solution:
(189601,48,22,0.0)
(189601,63,6,0.0)
(189601,44,3,0.0)
(189601,67,1,0.0)
(189601,23,2,0.0)
(189601,79,3,0.0)
(189601,75,29,0.0)

Zero Solution:
(189601,48,22,0.0)
(189601,63,6,0.0)
(189601,44,3,0.0)
(189601,67,1,0.0)
(189601,79,3,0.0)
(189601,75,29,0.0)
(189601,23,2,0.0)

Zero Solution:
(189601,48,22,0.0)
(189601,63,6,0.0)
(189601,67,1,0.0)
(189601,23,2,0.0)
(189601,79,3,0.0)
(189601,75,29,0.0)
(189601,44,3,0.0)

Zero Solution:
(189601,48,22,0.0)
(189601,63,6,0.0)
(189601,67,1,0.0)
(189601,79,3,0.0)
(189601,75,29,0.0)
(189601,23,2,0.0)
(189601,44,3,0.0)

Zero Solution:
(189601,48,22,0.0)
(189601,63,6,0.0)
(189601,67,1,0.0)
(189601,79,3,0.0)
(189601,75,29,0.0)
(189601,44,3,0.0)
(189601,23,2,0.0)

Zero Solution:
(189601,48,22,0.0)
(189601,63,6,0.0)
(189601,67,1,0.0)
(189601,44,3,0.0)
(189601,79,3,0.0)
(189601,75,29,0.0)
(189601,23,2,0.0)

Zero Solution:
(189601,48,22,0.0)
(189601,44,3,0.0)
(189601,23,2,0.0)
(189601,63,6,0.0)
(189601,67,1,0.0)
(189601,79,3,0.0)
(189601,75,29,0.0)

Zero Solution:
(189601,48,22,0.0)
(189601,44,3,0.0)
(189601,23,2,0.0)
(189601,67,1,0.0)
(189601,79,3,0.0)
(189601,75,29,0.0)
(189601,63,6,0.0)

Zero Solution:
(189601,48,22,0.0)
(189601,44,3,0.0)
(189601,63,6,0.0)
(189601,23,2,0.0)
(189601,67,1,0.0)
(189601,79,3,0.0)
(189601,75,29,0.0)

Zero Solution:
(189601,48,22,0.0)
(189601,44,3,0.0)
(189601,63,6,0.0)
(189601,67,1,0.0)
(189601,23,2,0.0)
(189601,79,3,0.0)
(189601,75,29,0.0)

Zero Solution:
(189601,48,22,0.0)
(189601,44,3,0.0)
(189601,63,6,0.0)
(189601,67,1,0.0)
(189601,79,3,0.0)
(189601,75,29,0.0)
(189601,23,2,0.0)

Zero Solution:
(189601,48,22,0.0)
(189601,44,3,0.0)
(189601,67,1,0.0)
(189601,23,2,0.0)
(189601,79,3,0.0)
(189601,75,29,0.0)
(189601,63,6,0.0)

Zero Solution:
(189601,48,22,0.0)
(189601,44,3,0.0)
(189601,67,1,0.0)
(189601,79,3,0.0)
(189601,75,29,0.0)
(189601,63,6,0.0)
(189601,23,2,0.0)

Zero Solution:
(189601,48,22,0.0)
(189601,67,1,0.0)
(189601,23,2,0.0)
(189601,79,3,0.0)
(189601,75,29,0.0)
(189601,63,6,0.0)
(189601,44,3,0.0)

Zero Solution:
(189601,48,22,0.0)
(189601,67,1,0.0)
(189601,79,3,0.0)
(189601,75,29,0.0)
(189601,63,6,0.0)
(189601,23,2,0.0)
(189601,44,3,0.0)

Zero Solution:
(189601,48,22,0.0)
(189601,67,1,0.0)
(189601,79,3,0.0)
(189601,75,29,0.0)
(189601,63,6,0.0)
(189601,44,3,0.0)
(189601,23,2,0.0)

Zero Solution:
(189601,48,22,0.0)
(189601,67,1,0.0)
(189601,44,3,0.0)
(189601,79,3,0.0)
(189601,75,29,0.0)
(189601,63,6,0.0)
(189601,23,2,0.0)

Zero Solution:
(189601,63,6,0.0)
(189601,75,29,0.0)
(189601,79,3,0.0)
(189601,23,2,0.0)
(189601,67,1,0.0)
(189601,44,3,0.0)
(189601,48,22,0.0)

Zero Solution:
(189601,63,6,0.0)
(189601,75,29,0.0)
(189601,79,3,0.0)
(189601,44,3,0.0)
(189601,67,1,0.0)
(189601,23,2,0.0)
(189601,48,22,0.0)

Zero Solution:
(189601,63,6,0.0)
(189601,75,29,0.0)
(189601,79,3,0.0)
(189601,44,3,0.0)
(189601,67,1,0.0)
(189601,48,22,0.0)
(189601,23,2,0.0)

Zero Solution:
(189601,63,6,0.0)
(189601,75,29,0.0)
(189601,79,3,0.0)
(189601,67,1,0.0)
(189601,23,2,0.0)
(189601,44,3,0.0)
(189601,48,22,0.0)

Zero Solution:
(189601,63,6,0.0)
(189601,75,29,0.0)
(189601,79,3,0.0)
(189601,67,1,0.0)
(189601,44,3,0.0)
(189601,23,2,0.0)
(189601,48,22,0.0)

Zero Solution:
(189601,63,6,0.0)
(189601,75,29,0.0)
(189601,79,3,0.0)
(189601,67,1,0.0)
(189601,44,3,0.0)
(189601,48,22,0.0)
(189601,23,2,0.0)

Zero Solution:
(189601,63,6,0.0)
(189601,23,2,0.0)
(189601,48,22,0.0)
(189601,44,3,0.0)
(189601,67,1,0.0)
(189601,79,3,0.0)
(189601,75,29,0.0)

Zero Solution:
(189601,63,6,0.0)
(189601,23,2,0.0)
(189601,48,22,0.0)
(189601,67,1,0.0)
(189601,79,3,0.0)
(189601,75,29,0.0)
(189601,44,3,0.0)

Zero Solution:
(189601,63,6,0.0)
(189601,23,2,0.0)
(189601,48,22,0.0)
(189601,67,1,0.0)
(189601,44,3,0.0)
(189601,79,3,0.0)
(189601,75,29,0.0)

Zero Solution:
(189601,63,6,0.0)
(189601,48,22,0.0)
(189601,23,2,0.0)
(189601,44,3,0.0)
(189601,67,1,0.0)
(189601,79,3,0.0)
(189601,75,29,0.0)

Zero Solution:
(189601,63,6,0.0)
(189601,48,22,0.0)
(189601,23,2,0.0)
(189601,67,1,0.0)
(189601,79,3,0.0)
(189601,75,29,0.0)
(189601,44,3,0.0)

Zero Solution:
(189601,63,6,0.0)
(189601,48,22,0.0)
(189601,23,2,0.0)
(189601,67,1,0.0)
(189601,44,3,0.0)
(189601,79,3,0.0)
(189601,75,29,0.0)

Zero Solution:
(189601,63,6,0.0)
(189601,48,22,0.0)
(189601,44,3,0.0)
(189601,23,2,0.0)
(189601,67,1,0.0)
(189601,79,3,0.0)
(189601,75,29,0.0)

Zero Solution:
(189601,63,6,0.0)
(189601,48,22,0.0)
(189601,44,3,0.0)
(189601,67,1,0.0)
(189601,23,2,0.0)
(189601,79,3,0.0)
(189601,75,29,0.0)

Zero Solution:
(189601,63,6,0.0)
(189601,48,22,0.0)
(189601,44,3,0.0)
(189601,67,1,0.0)
(189601,79,3,0.0)
(189601,75,29,0.0)
(189601,23,2,0.0)

Zero Solution:
(189601,63,6,0.0)
(189601,48,22,0.0)
(189601,67,1,0.0)
(189601,23,2,0.0)
(189601,79,3,0.0)
(189601,75,29,0.0)
(189601,44,3,0.0)

Zero Solution:
(189601,63,6,0.0)
(189601,48,22,0.0)
(189601,67,1,0.0)
(189601,79,3,0.0)
(189601,75,29,0.0)
(189601,23,2,0.0)
(189601,44,3,0.0)

Zero Solution:
(189601,63,6,0.0)
(189601,48,22,0.0)
(189601,67,1,0.0)
(189601,79,3,0.0)
(189601,75,29,0.0)
(189601,44,3,0.0)
(189601,23,2,0.0)

Zero Solution:
(189601,63,6,0.0)
(189601,48,22,0.0)
(189601,67,1,0.0)
(189601,44,3,0.0)
(189601,79,3,0.0)
(189601,75,29,0.0)
(189601,23,2,0.0)

Zero Solution:
(189601,44,3,0.0)
(189601,75,29,0.0)
(189601,79,3,0.0)
(189601,23,2,0.0)
(189601,67,1,0.0)
(189601,48,22,0.0)
(189601,63,6,0.0)

Zero Solution:
(189601,44,3,0.0)
(189601,75,29,0.0)
(189601,79,3,0.0)
(189601,23,2,0.0)
(189601,67,1,0.0)
(189601,63,6,0.0)
(189601,48,22,0.0)

Zero Solution:
(189601,44,3,0.0)
(189601,75,29,0.0)
(189601,79,3,0.0)
(189601,67,1,0.0)
(189601,23,2,0.0)
(189601,48,22,0.0)
(189601,63,6,0.0)

Zero Solution:
(189601,44,3,0.0)
(189601,75,29,0.0)
(189601,79,3,0.0)
(189601,67,1,0.0)
(189601,23,2,0.0)
(189601,63,6,0.0)
(189601,48,22,0.0)

Zero Solution:
(189601,44,3,0.0)
(189601,75,29,0.0)
(189601,79,3,0.0)
(189601,67,1,0.0)
(189601,48,22,0.0)
(189601,23,2,0.0)
(189601,63,6,0.0)

Zero Solution:
(189601,44,3,0.0)
(189601,75,29,0.0)
(189601,79,3,0.0)
(189601,67,1,0.0)
(189601,48,22,0.0)
(189601,63,6,0.0)
(189601,23,2,0.0)

Zero Solution:
(189601,44,3,0.0)
(189601,75,29,0.0)
(189601,79,3,0.0)
(189601,67,1,0.0)
(189601,63,6,0.0)
(189601,23,2,0.0)
(189601,48,22,0.0)

Zero Solution:
(189601,44,3,0.0)
(189601,75,29,0.0)
(189601,79,3,0.0)
(189601,67,1,0.0)
(189601,63,6,0.0)
(189601,48,22,0.0)
(189601,23,2,0.0)

Zero Solution:
(189601,44,3,0.0)
(189601,23,2,0.0)
(189601,75,29,0.0)
(189601,79,3,0.0)
(189601,67,1,0.0)
(189601,48,22,0.0)
(189601,63,6,0.0)

Zero Solution:
(189601,44,3,0.0)
(189601,23,2,0.0)
(189601,75,29,0.0)
(189601,79,3,0.0)
(189601,67,1,0.0)
(189601,63,6,0.0)
(189601,48,22,0.0)

Zero Solution:
(189601,44,3,0.0)
(189601,23,2,0.0)
(189601,63,6,0.0)
(189601,75,29,0.0)
(189601,79,3,0.0)
(189601,67,1,0.0)
(189601,48,22,0.0)

Zero Solution:
(189601,44,3,0.0)
(189601,63,6,0.0)
(189601,75,29,0.0)
(189601,79,3,0.0)
(189601,23,2,0.0)
(189601,67,1,0.0)
(189601,48,22,0.0)

Zero Solution:
(189601,44,3,0.0)
(189601,63,6,0.0)
(189601,75,29,0.0)
(189601,79,3,0.0)
(189601,67,1,0.0)
(189601,23,2,0.0)
(189601,48,22,0.0)

Zero Solution:
(189601,44,3,0.0)
(189601,63,6,0.0)
(189601,75,29,0.0)
(189601,79,3,0.0)
(189601,67,1,0.0)
(189601,48,22,0.0)
(189601,23,2,0.0)

Prim Heuristic Solution:
(189601,48,22,0.0)
(189601,44,3,0.0)
(189601,79,3,0.0)
(189601,75,29,0.0)
(189601,67,1,0.0)
(189601,23,2,0.0)
##############################################
Zero Solution:
(251659,82,30,0.0)
(251659,99,1,0.0)
(251659,98,7,0.0)
(251659,47,8,0.0)
(251659,88,20,0.0)
(251659,39,11,0.0)
(251659,38,9,0.0)

Zero Solution:
(251659,82,30,0.0)
(251659,99,1,0.0)
(251659,47,8,0.0)
(251659,98,7,0.0)
(251659,88,20,0.0)
(251659,39,11,0.0)
(251659,38,9,0.0)

Zero Solution:
(251659,38,9,0.0)
(251659,82,30,0.0)
(251659,99,1,0.0)
(251659,98,7,0.0)
(251659,47,8,0.0)
(251659,88,20,0.0)
(251659,39,11,0.0)

Zero Solution:
(251659,38,9,0.0)
(251659,82,30,0.0)
(251659,99,1,0.0)
(251659,47,8,0.0)
(251659,98,7,0.0)
(251659,88,20,0.0)
(251659,39,11,0.0)

Zero Solution:
(251659,38,9,0.0)
(251659,39,11,0.0)
(251659,88,20,0.0)
(251659,98,7,0.0)
(251659,47,8,0.0)
(251659,99,1,0.0)
(251659,82,30,0.0)

Zero Solution:
(251659,38,9,0.0)
(251659,39,11,0.0)
(251659,88,20,0.0)
(251659,47,8,0.0)
(251659,98,7,0.0)
(251659,99,1,0.0)
(251659,82,30,0.0)

Zero Solution:
(251659,39,11,0.0)
(251659,88,20,0.0)
(251659,98,7,0.0)
(251659,47,8,0.0)
(251659,99,1,0.0)
(251659,82,30,0.0)
(251659,38,9,0.0)

Zero Solution:
(251659,39,11,0.0)
(251659,88,20,0.0)
(251659,47,8,0.0)
(251659,98,7,0.0)
(251659,99,1,0.0)
(251659,82,30,0.0)
(251659,38,9,0.0)

Prim Heuristic Solution:
(251659,38,9,0.0)
(251659,88,20,0.0)
(251659,82,30,0.0)
(251659,99,1,0.0)
(251659,98,7,0.0)
(251659,39,11,0.0)
##############################################
Zero Solution:
(156511,34,16,0.0)
(156511,90,24,0.0)
(156511,37,23,0.0)
(156511,65,6,0.0)
(156511,70,11,0.0)
(156511,51,25,0.0)
(156511,21,6,0.0)

Zero Solution:
(156511,21,6,0.0)
(156511,34,16,0.0)
(156511,90,24,0.0)
(156511,37,23,0.0)
(156511,65,6,0.0)
(156511,70,11,0.0)
(156511,51,25,0.0)

Zero Solution:
(156511,21,6,0.0)
(156511,51,25,0.0)
(156511,70,11,0.0)
(156511,65,6,0.0)
(156511,37,23,0.0)
(156511,90,24,0.0)
(156511,34,16,0.0)

Zero Solution:
(156511,51,25,0.0)
(156511,70,11,0.0)
(156511,65,6,0.0)
(156511,37,23,0.0)
(156511,90,24,0.0)
(156511,34,16,0.0)
(156511,21,6,0.0)

Prim Heuristic Solution:
(156511,21,6,0.0)
(156511,65,6,0.0)
(156511,51,25,0.0)
(156511,70,11,0.0)
(156511,37,23,0.0)
(156511,90,24,0.0)
##############################################
Zero Solution:
(163201,75,20,0.0)
(163201,68,12,0.0)
(163201,43,18,0.0)
(163201,55,9,0.0)
(163201,72,19,0.0)
(163201,7,4,0.0)
(163201,54,14,0.0)

Zero Solution:
(163201,75,20,0.0)
(163201,68,12,0.0)
(163201,43,18,0.0)
(163201,55,9,0.0)
(163201,72,19,0.0)
(163201,54,14,0.0)
(163201,7,4,0.0)

Zero Solution:
(163201,75,20,0.0)
(163201,68,12,0.0)
(163201,43,18,0.0)
(163201,55,9,0.0)
(163201,7,4,0.0)
(163201,72,19,0.0)
(163201,54,14,0.0)

Zero Solution:
(163201,75,20,0.0)
(163201,68,12,0.0)
(163201,43,18,0.0)
(163201,7,4,0.0)
(163201,55,9,0.0)
(163201,72,19,0.0)
(163201,54,14,0.0)

Zero Solution:
(163201,7,4,0.0)
(163201,75,20,0.0)
(163201,68,12,0.0)
(163201,43,18,0.0)
(163201,55,9,0.0)
(163201,72,19,0.0)
(163201,54,14,0.0)

Zero Solution:
(163201,7,4,0.0)
(163201,54,14,0.0)
(163201,72,19,0.0)
(163201,55,9,0.0)
(163201,43,18,0.0)
(163201,68,12,0.0)
(163201,75,20,0.0)

Zero Solution:
(163201,54,14,0.0)
(163201,72,19,0.0)
(163201,55,9,0.0)
(163201,7,4,0.0)
(163201,43,18,0.0)
(163201,68,12,0.0)
(163201,75,20,0.0)

Zero Solution:
(163201,54,14,0.0)
(163201,72,19,0.0)
(163201,55,9,0.0)
(163201,43,18,0.0)
(163201,68,12,0.0)
(163201,75,20,0.0)
(163201,7,4,0.0)

Zero Solution:
(163201,54,14,0.0)
(163201,72,19,0.0)
(163201,7,4,0.0)
(163201,55,9,0.0)
(163201,43,18,0.0)
(163201,68,12,0.0)
(163201,75,20,0.0)

Zero Solution:
(163201,54,14,0.0)
(163201,7,4,0.0)
(163201,72,19,0.0)
(163201,55,9,0.0)
(163201,43,18,0.0)
(163201,68,12,0.0)
(163201,75,20,0.0)

Prim Heuristic Solution:
(163201,54,14,0.0)
(163201,55,9,0.0)
(163201,72,19,0.0)
(163201,43,18,0.0)
(163201,7,4,0.0)
(163201,75,20,0.0)
##############################################
Zero Solution:
(382299,68,22,0.0)
(382299,70,2,0.0)
(382299,59,16,0.0)
(382299,83,20,0.0)
(382299,94,29,0.0)
(382299,60,27,0.0)
(382299,39,27,0.0)

Zero Solution:
(382299,68,22,0.0)
(382299,59,16,0.0)
(382299,70,2,0.0)
(382299,83,20,0.0)
(382299,94,29,0.0)
(382299,60,27,0.0)
(382299,39,27,0.0)

Zero Solution:
(382299,39,27,0.0)
(382299,60,27,0.0)
(382299,94,29,0.0)
(382299,83,20,0.0)
(382299,70,2,0.0)
(382299,59,16,0.0)
(382299,68,22,0.0)

Zero Solution:
(382299,39,27,0.0)
(382299,60,27,0.0)
(382299,94,29,0.0)
(382299,83,20,0.0)
(382299,59,16,0.0)
(382299,70,2,0.0)
(382299,68,22,0.0)

Prim Heuristic Solution:
(382299,39,27,0.0)
(382299,59,16,0.0)
(382299,94,29,0.0)
(382299,83,20,0.0)
(382299,68,22,0.0)
(382299,70,2,0.0)
##############################################
Zero Solution:
(112201,35,25,0.0)
(112201,34,18,0.0)
(112201,75,26,0.0)
(112201,43,2,0.0)
(112201,100,6,0.0)
(112201,45,18,0.0)
(112201,16,30,0.0)

Zero Solution:
(112201,16,30,0.0)
(112201,45,18,0.0)
(112201,100,6,0.0)
(112201,43,2,0.0)
(112201,75,26,0.0)
(112201,34,18,0.0)
(112201,35,25,0.0)

Prim Heuristic Solution:
(112201,16,30,0.0)
(112201,34,18,0.0)
(112201,75,26,0.0)
(112201,100,6,0.0)
(112201,43,2,0.0)
(112201,35,25,0.0)
##############################################
Zero Solution:
(123751,66,15,0.0)
(123751,26,4,0.0)
(123751,51,14,0.0)
(123751,47,1,0.0)
(123751,50,21,0.0)
(123751,99,4,0.0)
(123751,34,30,0.0)

Zero Solution:
(123751,66,15,0.0)
(123751,51,14,0.0)
(123751,47,1,0.0)
(123751,50,21,0.0)
(123751,99,4,0.0)
(123751,34,30,0.0)
(123751,26,4,0.0)

Zero Solution:
(123751,66,15,0.0)
(123751,51,14,0.0)
(123751,26,4,0.0)
(123751,47,1,0.0)
(123751,50,21,0.0)
(123751,99,4,0.0)
(123751,34,30,0.0)

Zero Solution:
(123751,34,30,0.0)
(123751,99,4,0.0)
(123751,50,21,0.0)
(123751,47,1,0.0)
(123751,26,4,0.0)
(123751,51,14,0.0)
(123751,66,15,0.0)

Zero Solution:
(123751,34,30,0.0)
(123751,99,4,0.0)
(123751,50,21,0.0)
(123751,47,1,0.0)
(123751,51,14,0.0)
(123751,26,4,0.0)
(123751,66,15,0.0)

Zero Solution:
(123751,26,4,0.0)
(123751,34,30,0.0)
(123751,99,4,0.0)
(123751,50,21,0.0)
(123751,47,1,0.0)
(123751,51,14,0.0)
(123751,66,15,0.0)

Prim Heuristic Solution:
(123751,51,14,0.0)
(123751,50,21,0.0)
(123751,99,4,0.0)
(123751,26,4,0.0)
(123751,47,1,0.0)
(123751,66,15,0.0)
##############################################
Zero Solution:
(259351,90,19,0.0)
(259351,31,5,0.0)
(259351,76,27,0.0)
(259351,95,10,0.0)
(259351,78,25,0.0)
(259351,80,28,0.0)
(259351,34,10,0.0)

Zero Solution:
(259351,90,19,0.0)
(259351,31,5,0.0)
(259351,76,27,0.0)
(259351,78,25,0.0)
(259351,95,10,0.0)
(259351,80,28,0.0)
(259351,34,10,0.0)

Zero Solution:
(259351,90,19,0.0)
(259351,76,27,0.0)
(259351,95,10,0.0)
(259351,78,25,0.0)
(259351,31,5,0.0)
(259351,34,10,0.0)
(259351,80,28,0.0)

Zero Solution:
(259351,90,19,0.0)
(259351,76,27,0.0)
(259351,95,10,0.0)
(259351,78,25,0.0)
(259351,31,5,0.0)
(259351,80,28,0.0)
(259351,34,10,0.0)

Zero Solution:
(259351,90,19,0.0)
(259351,76,27,0.0)
(259351,78,25,0.0)
(259351,95,10,0.0)
(259351,31,5,0.0)
(259351,34,10,0.0)
(259351,80,28,0.0)

Zero Solution:
(259351,90,19,0.0)
(259351,76,27,0.0)
(259351,78,25,0.0)
(259351,95,10,0.0)
(259351,31,5,0.0)
(259351,80,28,0.0)
(259351,34,10,0.0)

Zero Solution:
(259351,90,19,0.0)
(259351,76,27,0.0)
(259351,31,5,0.0)
(259351,95,10,0.0)
(259351,78,25,0.0)
(259351,34,10,0.0)
(259351,80,28,0.0)

Zero Solution:
(259351,90,19,0.0)
(259351,76,27,0.0)
(259351,31,5,0.0)
(259351,95,10,0.0)
(259351,78,25,0.0)
(259351,80,28,0.0)
(259351,34,10,0.0)

Zero Solution:
(259351,90,19,0.0)
(259351,76,27,0.0)
(259351,31,5,0.0)
(259351,78,25,0.0)
(259351,95,10,0.0)
(259351,34,10,0.0)
(259351,80,28,0.0)

Zero Solution:
(259351,90,19,0.0)
(259351,76,27,0.0)
(259351,31,5,0.0)
(259351,78,25,0.0)
(259351,95,10,0.0)
(259351,80,28,0.0)
(259351,34,10,0.0)

Zero Solution:
(259351,90,19,0.0)
(259351,76,27,0.0)
(259351,31,5,0.0)
(259351,34,10,0.0)
(259351,95,10,0.0)
(259351,78,25,0.0)
(259351,80,28,0.0)

Zero Solution:
(259351,90,19,0.0)
(259351,76,27,0.0)
(259351,31,5,0.0)
(259351,34,10,0.0)
(259351,78,25,0.0)
(259351,95,10,0.0)
(259351,80,28,0.0)

Zero Solution:
(259351,90,19,0.0)
(259351,76,27,0.0)
(259351,31,5,0.0)
(259351,80,28,0.0)
(259351,78,25,0.0)
(259351,95,10,0.0)
(259351,34,10,0.0)

Zero Solution:
(259351,90,19,0.0)
(259351,76,27,0.0)
(259351,34,10,0.0)
(259351,31,5,0.0)
(259351,95,10,0.0)
(259351,78,25,0.0)
(259351,80,28,0.0)

Zero Solution:
(259351,90,19,0.0)
(259351,76,27,0.0)
(259351,34,10,0.0)
(259351,31,5,0.0)
(259351,78,25,0.0)
(259351,95,10,0.0)
(259351,80,28,0.0)

Zero Solution:
(259351,90,19,0.0)
(259351,76,27,0.0)
(259351,80,28,0.0)
(259351,31,5,0.0)
(259351,78,25,0.0)
(259351,95,10,0.0)
(259351,34,10,0.0)

Zero Solution:
(259351,90,19,0.0)
(259351,34,10,0.0)
(259351,31,5,0.0)
(259351,76,27,0.0)
(259351,95,10,0.0)
(259351,78,25,0.0)
(259351,80,28,0.0)

Zero Solution:
(259351,90,19,0.0)
(259351,34,10,0.0)
(259351,31,5,0.0)
(259351,76,27,0.0)
(259351,78,25,0.0)
(259351,95,10,0.0)
(259351,80,28,0.0)

Zero Solution:
(259351,90,19,0.0)
(259351,34,10,0.0)
(259351,76,27,0.0)
(259351,31,5,0.0)
(259351,95,10,0.0)
(259351,78,25,0.0)
(259351,80,28,0.0)

Zero Solution:
(259351,90,19,0.0)
(259351,34,10,0.0)
(259351,76,27,0.0)
(259351,31,5,0.0)
(259351,78,25,0.0)
(259351,95,10,0.0)
(259351,80,28,0.0)

Zero Solution:
(259351,76,27,0.0)
(259351,90,19,0.0)
(259351,95,10,0.0)
(259351,78,25,0.0)
(259351,31,5,0.0)
(259351,34,10,0.0)
(259351,80,28,0.0)

Zero Solution:
(259351,76,27,0.0)
(259351,90,19,0.0)
(259351,95,10,0.0)
(259351,78,25,0.0)
(259351,31,5,0.0)
(259351,80,28,0.0)
(259351,34,10,0.0)

Zero Solution:
(259351,76,27,0.0)
(259351,90,19,0.0)
(259351,95,10,0.0)
(259351,78,25,0.0)
(259351,34,10,0.0)
(259351,31,5,0.0)
(259351,80,28,0.0)

Zero Solution:
(259351,76,27,0.0)
(259351,90,19,0.0)
(259351,78,25,0.0)
(259351,95,10,0.0)
(259351,31,5,0.0)
(259351,34,10,0.0)
(259351,80,28,0.0)

Zero Solution:
(259351,76,27,0.0)
(259351,90,19,0.0)
(259351,78,25,0.0)
(259351,95,10,0.0)
(259351,31,5,0.0)
(259351,80,28,0.0)
(259351,34,10,0.0)

Zero Solution:
(259351,76,27,0.0)
(259351,90,19,0.0)
(259351,78,25,0.0)
(259351,95,10,0.0)
(259351,34,10,0.0)
(259351,31,5,0.0)
(259351,80,28,0.0)

Zero Solution:
(259351,76,27,0.0)
(259351,90,19,0.0)
(259351,31,5,0.0)
(259351,95,10,0.0)
(259351,78,25,0.0)
(259351,34,10,0.0)
(259351,80,28,0.0)

Zero Solution:
(259351,76,27,0.0)
(259351,90,19,0.0)
(259351,31,5,0.0)
(259351,95,10,0.0)
(259351,78,25,0.0)
(259351,80,28,0.0)
(259351,34,10,0.0)

Zero Solution:
(259351,76,27,0.0)
(259351,90,19,0.0)
(259351,31,5,0.0)
(259351,78,25,0.0)
(259351,95,10,0.0)
(259351,34,10,0.0)
(259351,80,28,0.0)

Zero Solution:
(259351,76,27,0.0)
(259351,90,19,0.0)
(259351,31,5,0.0)
(259351,78,25,0.0)
(259351,95,10,0.0)
(259351,80,28,0.0)
(259351,34,10,0.0)

Zero Solution:
(259351,76,27,0.0)
(259351,90,19,0.0)
(259351,31,5,0.0)
(259351,34,10,0.0)
(259351,78,25,0.0)
(259351,95,10,0.0)
(259351,80,28,0.0)

Zero Solution:
(259351,76,27,0.0)
(259351,90,19,0.0)
(259351,34,10,0.0)
(259351,78,25,0.0)
(259351,95,10,0.0)
(259351,31,5,0.0)
(259351,80,28,0.0)

Zero Solution:
(259351,76,27,0.0)
(259351,90,19,0.0)
(259351,34,10,0.0)
(259351,31,5,0.0)
(259351,78,25,0.0)
(259351,95,10,0.0)
(259351,80,28,0.0)

Zero Solution:
(259351,76,27,0.0)
(259351,31,5,0.0)
(259351,90,19,0.0)
(259351,95,10,0.0)
(259351,78,25,0.0)
(259351,34,10,0.0)
(259351,80,28,0.0)

Zero Solution:
(259351,76,27,0.0)
(259351,31,5,0.0)
(259351,90,19,0.0)
(259351,95,10,0.0)
(259351,78,25,0.0)
(259351,80,28,0.0)
(259351,34,10,0.0)

Zero Solution:
(259351,76,27,0.0)
(259351,31,5,0.0)
(259351,90,19,0.0)
(259351,78,25,0.0)
(259351,95,10,0.0)
(259351,34,10,0.0)
(259351,80,28,0.0)

Zero Solution:
(259351,76,27,0.0)
(259351,31,5,0.0)
(259351,90,19,0.0)
(259351,78,25,0.0)
(259351,95,10,0.0)
(259351,80,28,0.0)
(259351,34,10,0.0)

Zero Solution:
(259351,76,27,0.0)
(259351,31,5,0.0)
(259351,90,19,0.0)
(259351,34,10,0.0)
(259351,78,25,0.0)
(259351,95,10,0.0)
(259351,80,28,0.0)

Zero Solution:
(259351,76,27,0.0)
(259351,31,5,0.0)
(259351,34,10,0.0)
(259351,90,19,0.0)
(259351,78,25,0.0)
(259351,95,10,0.0)
(259351,80,28,0.0)

Zero Solution:
(259351,76,27,0.0)
(259351,34,10,0.0)
(259351,90,19,0.0)
(259351,78,25,0.0)
(259351,95,10,0.0)
(259351,31,5,0.0)
(259351,80,28,0.0)

Zero Solution:
(259351,76,27,0.0)
(259351,34,10,0.0)
(259351,90,19,0.0)
(259351,31,5,0.0)
(259351,78,25,0.0)
(259351,95,10,0.0)
(259351,80,28,0.0)

Zero Solution:
(259351,76,27,0.0)
(259351,34,10,0.0)
(259351,31,5,0.0)
(259351,90,19,0.0)
(259351,78,25,0.0)
(259351,95,10,0.0)
(259351,80,28,0.0)

Zero Solution:
(259351,34,10,0.0)
(259351,95,10,0.0)
(259351,78,25,0.0)
(259351,31,5,0.0)
(259351,80,28,0.0)
(259351,76,27,0.0)
(259351,90,19,0.0)

Zero Solution:
(259351,34,10,0.0)
(259351,95,10,0.0)
(259351,78,25,0.0)
(259351,80,28,0.0)
(259351,31,5,0.0)
(259351,76,27,0.0)
(259351,90,19,0.0)

Zero Solution:
(259351,34,10,0.0)
(259351,90,19,0.0)
(259351,31,5,0.0)
(259351,76,27,0.0)
(259351,95,10,0.0)
(259351,78,25,0.0)
(259351,80,28,0.0)

Zero Solution:
(259351,34,10,0.0)
(259351,90,19,0.0)
(259351,76,27,0.0)
(259351,95,10,0.0)
(259351,78,25,0.0)
(259351,31,5,0.0)
(259351,80,28,0.0)

Zero Solution:
(259351,34,10,0.0)
(259351,90,19,0.0)
(259351,76,27,0.0)
(259351,31,5,0.0)
(259351,95,10,0.0)
(259351,78,25,0.0)
(259351,80,28,0.0)

Zero Solution:
(259351,34,10,0.0)
(259351,76,27,0.0)
(259351,90,19,0.0)
(259351,95,10,0.0)
(259351,78,25,0.0)
(259351,31,5,0.0)
(259351,80,28,0.0)

Zero Solution:
(259351,34,10,0.0)
(259351,76,27,0.0)
(259351,90,19,0.0)
(259351,31,5,0.0)
(259351,95,10,0.0)
(259351,78,25,0.0)
(259351,80,28,0.0)

Zero Solution:
(259351,34,10,0.0)
(259351,76,27,0.0)
(259351,31,5,0.0)
(259351,90,19,0.0)
(259351,95,10,0.0)
(259351,78,25,0.0)
(259351,80,28,0.0)

Zero Solution:
(259351,34,10,0.0)
(259351,80,28,0.0)
(259351,95,10,0.0)
(259351,78,25,0.0)
(259351,90,19,0.0)
(259351,31,5,0.0)
(259351,76,27,0.0)

Zero Solution:
(259351,34,10,0.0)
(259351,80,28,0.0)
(259351,95,10,0.0)
(259351,78,25,0.0)
(259351,31,5,0.0)
(259351,90,19,0.0)
(259351,76,27,0.0)

Zero Solution:
(259351,34,10,0.0)
(259351,80,28,0.0)
(259351,95,10,0.0)
(259351,78,25,0.0)
(259351,31,5,0.0)
(259351,76,27,0.0)
(259351,90,19,0.0)

Zero Solution:
(259351,34,10,0.0)
(259351,80,28,0.0)
(259351,95,10,0.0)
(259351,78,25,0.0)
(259351,76,27,0.0)
(259351,31,5,0.0)
(259351,90,19,0.0)

Zero Solution:
(259351,34,10,0.0)
(259351,80,28,0.0)
(259351,78,25,0.0)
(259351,95,10,0.0)
(259351,90,19,0.0)
(259351,31,5,0.0)
(259351,76,27,0.0)

Zero Solution:
(259351,34,10,0.0)
(259351,80,28,0.0)
(259351,78,25,0.0)
(259351,95,10,0.0)
(259351,31,5,0.0)
(259351,90,19,0.0)
(259351,76,27,0.0)

Zero Solution:
(259351,34,10,0.0)
(259351,80,28,0.0)
(259351,78,25,0.0)
(259351,95,10,0.0)
(259351,31,5,0.0)
(259351,76,27,0.0)
(259351,90,19,0.0)

Zero Solution:
(259351,34,10,0.0)
(259351,80,28,0.0)
(259351,78,25,0.0)
(259351,95,10,0.0)
(259351,76,27,0.0)
(259351,31,5,0.0)
(259351,90,19,0.0)

Zero Solution:
(259351,34,10,0.0)
(259351,80,28,0.0)
(259351,31,5,0.0)
(259351,95,10,0.0)
(259351,78,25,0.0)
(259351,90,19,0.0)
(259351,76,27,0.0)

Zero Solution:
(259351,34,10,0.0)
(259351,80,28,0.0)
(259351,31,5,0.0)
(259351,95,10,0.0)
(259351,78,25,0.0)
(259351,76,27,0.0)
(259351,90,19,0.0)

Zero Solution:
(259351,34,10,0.0)
(259351,80,28,0.0)
(259351,31,5,0.0)
(259351,78,25,0.0)
(259351,95,10,0.0)
(259351,90,19,0.0)
(259351,76,27,0.0)

Zero Solution:
(259351,34,10,0.0)
(259351,80,28,0.0)
(259351,31,5,0.0)
(259351,78,25,0.0)
(259351,95,10,0.0)
(259351,76,27,0.0)
(259351,90,19,0.0)

Zero Solution:
(259351,80,28,0.0)
(259351,95,10,0.0)
(259351,78,25,0.0)
(259351,90,19,0.0)
(259351,31,5,0.0)
(259351,34,10,0.0)
(259351,76,27,0.0)

Zero Solution:
(259351,80,28,0.0)
(259351,95,10,0.0)
(259351,78,25,0.0)
(259351,90,19,0.0)
(259351,34,10,0.0)
(259351,31,5,0.0)
(259351,76,27,0.0)

Zero Solution:
(259351,80,28,0.0)
(259351,95,10,0.0)
(259351,78,25,0.0)
(259351,31,5,0.0)
(259351,90,19,0.0)
(259351,34,10,0.0)
(259351,76,27,0.0)

Zero Solution:
(259351,80,28,0.0)
(259351,95,10,0.0)
(259351,78,25,0.0)
(259351,31,5,0.0)
(259351,76,27,0.0)
(259351,34,10,0.0)
(259351,90,19,0.0)

Zero Solution:
(259351,80,28,0.0)
(259351,95,10,0.0)
(259351,78,25,0.0)
(259351,31,5,0.0)
(259351,34,10,0.0)
(259351,90,19,0.0)
(259351,76,27,0.0)

Zero Solution:
(259351,80,28,0.0)
(259351,95,10,0.0)
(259351,78,25,0.0)
(259351,31,5,0.0)
(259351,34,10,0.0)
(259351,76,27,0.0)
(259351,90,19,0.0)

Zero Solution:
(259351,80,28,0.0)
(259351,95,10,0.0)
(259351,78,25,0.0)
(259351,76,27,0.0)
(259351,31,5,0.0)
(259351,34,10,0.0)
(259351,90,19,0.0)

Zero Solution:
(259351,80,28,0.0)
(259351,95,10,0.0)
(259351,78,25,0.0)
(259351,34,10,0.0)
(259351,90,19,0.0)
(259351,31,5,0.0)
(259351,76,27,0.0)

Zero Solution:
(259351,80,28,0.0)
(259351,95,10,0.0)
(259351,78,25,0.0)
(259351,34,10,0.0)
(259351,31,5,0.0)
(259351,90,19,0.0)
(259351,76,27,0.0)

Zero Solution:
(259351,80,28,0.0)
(259351,95,10,0.0)
(259351,78,25,0.0)
(259351,34,10,0.0)
(259351,31,5,0.0)
(259351,76,27,0.0)
(259351,90,19,0.0)

Zero Solution:
(259351,80,28,0.0)
(259351,78,25,0.0)
(259351,95,10,0.0)
(259351,90,19,0.0)
(259351,31,5,0.0)
(259351,76,27,0.0)
(259351,34,10,0.0)

Zero Solution:
(259351,80,28,0.0)
(259351,78,25,0.0)
(259351,95,10,0.0)
(259351,31,5,0.0)
(259351,90,19,0.0)
(259351,76,27,0.0)
(259351,34,10,0.0)

Zero Solution:
(259351,80,28,0.0)
(259351,78,25,0.0)
(259351,95,10,0.0)
(259351,31,5,0.0)
(259351,76,27,0.0)
(259351,90,19,0.0)
(259351,34,10,0.0)

Zero Solution:
(259351,80,28,0.0)
(259351,78,25,0.0)
(259351,95,10,0.0)
(259351,31,5,0.0)
(259351,76,27,0.0)
(259351,34,10,0.0)
(259351,90,19,0.0)

Zero Solution:
(259351,80,28,0.0)
(259351,78,25,0.0)
(259351,95,10,0.0)
(259351,31,5,0.0)
(259351,34,10,0.0)
(259351,76,27,0.0)
(259351,90,19,0.0)

Zero Solution:
(259351,80,28,0.0)
(259351,78,25,0.0)
(259351,95,10,0.0)
(259351,76,27,0.0)
(259351,31,5,0.0)
(259351,90,19,0.0)
(259351,34,10,0.0)

Zero Solution:
(259351,80,28,0.0)
(259351,78,25,0.0)
(259351,95,10,0.0)
(259351,76,27,0.0)
(259351,31,5,0.0)
(259351,34,10,0.0)
(259351,90,19,0.0)

Zero Solution:
(259351,80,28,0.0)
(259351,78,25,0.0)
(259351,95,10,0.0)
(259351,34,10,0.0)
(259351,31,5,0.0)
(259351,76,27,0.0)
(259351,90,19,0.0)

Zero Solution:
(259351,80,28,0.0)
(259351,31,5,0.0)
(259351,95,10,0.0)
(259351,78,25,0.0)
(259351,90,19,0.0)
(259351,34,10,0.0)
(259351,76,27,0.0)

Zero Solution:
(259351,80,28,0.0)
(259351,31,5,0.0)
(259351,95,10,0.0)
(259351,78,25,0.0)
(259351,34,10,0.0)
(259351,90,19,0.0)
(259351,76,27,0.0)

Zero Solution:
(259351,80,28,0.0)
(259351,31,5,0.0)
(259351,78,25,0.0)
(259351,95,10,0.0)
(259351,90,19,0.0)
(259351,76,27,0.0)
(259351,34,10,0.0)

Zero Solution:
(259351,80,28,0.0)
(259351,31,5,0.0)
(259351,78,25,0.0)
(259351,95,10,0.0)
(259351,76,27,0.0)
(259351,90,19,0.0)
(259351,34,10,0.0)

Zero Solution:
(259351,80,28,0.0)
(259351,31,5,0.0)
(259351,34,10,0.0)
(259351,95,10,0.0)
(259351,78,25,0.0)
(259351,90,19,0.0)
(259351,76,27,0.0)

Zero Solution:
(259351,80,28,0.0)
(259351,31,5,0.0)
(259351,34,10,0.0)
(259351,78,25,0.0)
(259351,95,10,0.0)
(259351,90,19,0.0)
(259351,76,27,0.0)

Zero Solution:
(259351,80,28,0.0)
(259351,34,10,0.0)
(259351,95,10,0.0)
(259351,78,25,0.0)
(259351,90,19,0.0)
(259351,31,5,0.0)
(259351,76,27,0.0)

Zero Solution:
(259351,80,28,0.0)
(259351,34,10,0.0)
(259351,95,10,0.0)
(259351,78,25,0.0)
(259351,31,5,0.0)
(259351,90,19,0.0)
(259351,76,27,0.0)

Zero Solution:
(259351,80,28,0.0)
(259351,34,10,0.0)
(259351,95,10,0.0)
(259351,78,25,0.0)
(259351,31,5,0.0)
(259351,76,27,0.0)
(259351,90,19,0.0)

Zero Solution:
(259351,80,28,0.0)
(259351,34,10,0.0)
(259351,78,25,0.0)
(259351,95,10,0.0)
(259351,90,19,0.0)
(259351,31,5,0.0)
(259351,76,27,0.0)

Zero Solution:
(259351,80,28,0.0)
(259351,34,10,0.0)
(259351,78,25,0.0)
(259351,95,10,0.0)
(259351,31,5,0.0)
(259351,90,19,0.0)
(259351,76,27,0.0)

Zero Solution:
(259351,80,28,0.0)
(259351,34,10,0.0)
(259351,78,25,0.0)
(259351,95,10,0.0)
(259351,31,5,0.0)
(259351,76,27,0.0)
(259351,90,19,0.0)

Zero Solution:
(259351,80,28,0.0)
(259351,34,10,0.0)
(259351,31,5,0.0)
(259351,95,10,0.0)
(259351,78,25,0.0)
(259351,90,19,0.0)
(259351,76,27,0.0)

Zero Solution:
(259351,80,28,0.0)
(259351,34,10,0.0)
(259351,31,5,0.0)
(259351,95,10,0.0)
(259351,78,25,0.0)
(259351,76,27,0.0)
(259351,90,19,0.0)

Zero Solution:
(259351,80,28,0.0)
(259351,34,10,0.0)
(259351,31,5,0.0)
(259351,78,25,0.0)
(259351,95,10,0.0)
(259351,90,19,0.0)
(259351,76,27,0.0)

Zero Solution:
(259351,80,28,0.0)
(259351,34,10,0.0)
(259351,31,5,0.0)
(259351,78,25,0.0)
(259351,95,10,0.0)
(259351,76,27,0.0)
(259351,90,19,0.0)

Prim Heuristic Solution:
(259351,90,19,0.0)
(259351,80,28,0.0)
(259351,76,27,0.0)
(259351,78,25,0.0)
(259351,95,10,0.0)
(259351,34,10,0.0)
##############################################
Zero Solution:
(180265,38,22,0.0)
(180265,51,18,0.0)
(180265,87,14,0.0)
(180265,56,23,0.0)
(180265,40,6,0.0)
(180265,31,15,0.0)
(180265,66,24,0.0)

Zero Solution:
(180265,66,24,0.0)
(180265,31,15,0.0)
(180265,40,6,0.0)
(180265,56,23,0.0)
(180265,87,14,0.0)
(180265,51,18,0.0)
(180265,38,22,0.0)

Prim Heuristic Solution:
(180265,31,15,0.0)
(180265,38,22,0.0)
(180265,40,6,0.0)
(180265,87,14,0.0)
(180265,56,23,0.0)
(180265,51,18,0.0)
##############################################
Zero Solution:
(56001,9,23,0.0)
(56001,60,21,0.0)
(56001,17,15,0.0)
(56001,64,22,0.0)
(56001,70,3,0.0)
(56001,25,1,0.0)
(56001,21,2,0.0)

Zero Solution:
(56001,9,23,0.0)
(56001,60,21,0.0)
(56001,17,15,0.0)
(56001,64,22,0.0)
(56001,70,3,0.0)
(56001,21,2,0.0)
(56001,25,1,0.0)

Zero Solution:
(56001,9,23,0.0)
(56001,25,1,0.0)
(56001,21,2,0.0)
(56001,70,3,0.0)
(56001,64,22,0.0)
(56001,17,15,0.0)
(56001,60,21,0.0)

Zero Solution:
(56001,9,23,0.0)
(56001,21,2,0.0)
(56001,25,1,0.0)
(56001,70,3,0.0)
(56001,64,22,0.0)
(56001,17,15,0.0)
(56001,60,21,0.0)

Zero Solution:
(56001,60,21,0.0)
(56001,17,15,0.0)
(56001,64,22,0.0)
(56001,70,3,0.0)
(56001,25,1,0.0)
(56001,21,2,0.0)
(56001,9,23,0.0)

Zero Solution:
(56001,60,21,0.0)
(56001,17,15,0.0)
(56001,64,22,0.0)
(56001,70,3,0.0)
(56001,21,2,0.0)
(56001,25,1,0.0)
(56001,9,23,0.0)

Zero Solution:
(56001,25,1,0.0)
(56001,21,2,0.0)
(56001,70,3,0.0)
(56001,64,22,0.0)
(56001,17,15,0.0)
(56001,60,21,0.0)
(56001,9,23,0.0)

Zero Solution:
(56001,21,2,0.0)
(56001,25,1,0.0)
(56001,70,3,0.0)
(56001,64,22,0.0)
(56001,17,15,0.0)
(56001,60,21,0.0)
(56001,9,23,0.0)

Prim Heuristic Solution:
(56001,17,15,0.0)
